205
WP_003226225.1-bacteria 0.0000000 0.1206577 0.5603021 1.1301625 1.2417657 1.0541991 1.1804525 1.0444349 1.2109772 1.2879663 1.1737790 1.2390884 1.3785182 1.9758673 1.2601128 1.9270945 1.4712600 1.5993738 1.5371980 1.3833541 1.4069817 1.6886019 2.0306160 1.4598087 1.6539067 1.7884554 1.4085629 1.7348959 1.2595135 1.2632552 1.4551998 1.2769993 1.4506539 1.8219423 2.0061798 1.5758926 1.0191663 1.7123951 1.5793841 1.3223772 1.9808378 2.6823113 2.2218265 1.9419639 2.0730503 2.6129424 2.7124220 2.4877191 1.9243819 3.1287084 4.3377135 3.5392110 3.6924764 3.7896699 3.1940877 3.0166257 3.6219812 3.1160529 3.7370886 2.4445841 3.1841825 4.3241409 4.3241409 4.2448825 4.0304803 3.7238895 3.7238895 4.1667616 4.2562851 1.4428756 1.4620432 1.4620432 1.4550979 1.3073716 1.3871639 2.1813865 2.1700146 2.5413369 2.3923581 2.5413369 2.6220340 4.0674442 3.9755460 3.1723247 3.0059449 3.0886120 3.3764191 3.1867628 3.0059449 3.6532384 5.1757237 5.1757237 3.2051330 5.2461820 3.2051330 4.0674442 3.7681020 3.0886120 3.0646760 3.4409841 3.4409841 3.0902786 3.0902786 3.1130034 3.1723247 3.0646760 3.2334264 2.8568634 4.3671547 3.9755460 3.1130034 2.7963853 3.1666959 3.8286526 3.6204019 3.7681320 3.6204019 3.5802144 4.3598590 4.5187155 3.9505762 3.6390908 5.3411585 3.1212704 4.1763520 2.8862139 2.9320597 2.4818230 2.7648281 2.4818230 2.5004222 2.8862139 2.7792484 2.3829168 1.3430549 1.3428674 1.5405926 1.2290027 2.2366293 1.9033839 1.7264656 1.4910596 1.8385933 2.2278898 2.2204022 2.1581018 2.0835255 2.1395457 2.2593690 2.7866888 2.3218325 1.3111339 2.1271858 2.5100337 2.5847408 1.7453231 2.5847408 1.7047123 2.1617362 2.1792780 2.1792780 2.1703154 1.7190518 2.1600134 2.1395457 1.5405926 1.2290027 1.5427293 2.2023908 1.3927374 1.7270935 1.3812355 2.5982849 2.5100337 2.6240061 2.4375889 1.8201955 1.2965549 1.2262751 1.8028269 2.7866888 2.0231720 1.8087471 1.7905841 1.3842296 2.2423311 2.1600134 2.1703154 2.2423311 2.2204022 2.1890232 2.0231720 1.4023179 1.3396695 1.8153305 1.4660703 1.9504209 1.6505492 1.9375770 1.9375770 1.3396695 1.8153305 1.9634085 2.3989518 1.9744933 
NP_417539.1-bacteria    0.1206577 0.0000000 0.5947728 1.0187885 1.1745831 1.0766598 1.1174952 1.0435562 1.1469491 1.2338684 1.1769424 1.2881471 1.3599931 1.8633585 1.2350748 1.7037861 1.3888840 1.5342346 1.7022937 1.3998235 1.5708913 1.5553378 1.8982678 1.4253734 1.7368203 1.8598592 1.5938607 1.6442262 1.2139239 1.2174832 1.6578017 1.2682280 1.6091982 1.4898535 1.9475669 1.6381105 0.9988109 1.8272073 1.6589167 1.2685513 1.9084579 2.4901322 2.2256087 2.1103957 2.2378951 2.3943172 2.6404812 2.1944950 1.8553234 3.2590962 4.8031808 4.0456437 3.8066105 4.0226382 3.6764947 2.9102556 3.9634124 3.3671004 3.3897811 2.3302460 3.1029063 3.8605002 3.8605002 3.7858896 4.2641568 3.4073402 3.4073402 4.3953151 4.1162919 1.4002550 1.4780722 1.4780722 1.3797964 1.4420991 1.3006918 2.1450804 1.9759162 2.3980827 2.2590827 2.3980827 2.4648936 3.8058165 3.8092465 3.2275875 3.3423436 3.3177816 3.2358472 3.1558244 3.3423436 3.5015282 4.8533218 4.8533218 3.4390927 4.9190079 3.4390927 3.8058165 3.5898534 3.3177816 3.1331138 3.8850419 3.8850419 3.4376441 3.4376441 3.3395182 3.2275875 3.1331138 3.2366453 2.9309149 3.7300963 3.8092465 3.3395182 2.8923199 3.1026043 3.6440039 3.0403324 3.5901016 3.0403324 3.4101915 4.1987839 4.3473966 3.4423040 3.4442166 5.2909356 3.4724629 3.6834364 2.6677007 2.7109744 2.4924881 2.4793059 2.4924881 2.5110166 2.6677007 2.4909418 2.1827288 1.3722714 1.4579380 1.4721943 1.3048601 2.0707309 1.7384050 1.5848845 1.5673055 1.7860376 1.9957709 2.0553751 2.1104476 2.0420158 2.0225144 2.0155431 2.6386158 2.1285406 1.3100413 2.2062032 2.6647215 2.5156538 1.6704723 2.5156538 1.5410950 1.8968942 2.2460854 2.2460854 2.0683022 1.6825271 2.1129782 2.0225144 1.4721943 1.3048601 1.6482274 1.9342288 1.2392487 1.7204622 1.3248691 2.7584059 2.6647215 2.5539615 2.3985953 1.6890128 1.3995301 1.1176881 1.8014827 2.6386158 1.9477204 1.7924466 1.6912072 1.3714725 2.1721524 2.1129782 2.0683022 2.1721524 2.0553751 2.1408889 1.9477204 1.5283981 1.4374120 1.7114988 1.4782858 2.0004581 1.5849426 1.6323617 1.6323617 1.4374120 1.7114988 1.9427969 2.2746666 1.7988278 
NP_417221.1-bacteria    0.5603021 0.5947728 0.0000000 1.3252492 1.5209079 1.3597879 1.5080923 1.4676739 1.5569697 1.6701763 1.4772171 1.4985935 1.4549546 1.7374727 1.4413353 2.0206676 1.5506545 1.6563246 2.1271100 1.7582107 1.9183531 1.7618360 1.9960691 1.6653394 2.0214524 1.8309605 1.8171957 1.9415413 1.4641926 1.4621955 2.1106119 1.8518137 1.8023799 2.1485052 2.0233403 1.9954644 0.9688847 2.1709883 1.8248503 1.6223329 2.1425274 3.3744719 2.3135733 2.7159530 2.6980237 2.9589471 3.5279063 2.9504837 2.1049545 3.3744317 5.5356680 4.3204409 4.1807209 4.0477406 3.9979854 2.9865648 4.1764023 3.4470269 4.4560831 2.7017727 2.7812804 4.1108113 4.1108113 4.0536019 4.4538929 3.8189665 3.8189665 4.6058932 4.4327877 1.8961257 1.9967829 1.9967829 2.0143847 1.9205366 1.5332200 3.0560061 2.4235354 3.0253562 2.8550158 3.0253562 2.8552357 4.0483730 3.6395128 2.8777599 3.5480227 3.6033620 2.7442794 3.2176000 3.5480227 3.6193474 4.5149795 4.5149795 3.6386481 4.5652442 3.6386481 4.0483730 3.3461451 3.6033620 3.3236699 3.9669400 3.9669400 3.6460446 3.6460446 3.5365649 2.8777599 3.3236699 2.8383202 2.3959859 3.7370510 3.6395128 3.5365649 2.6266023 3.2274635 3.2097070 3.5090028 3.3466682 3.5090028 3.2738295 3.7135416 3.7964086 3.3834260 3.2281512 5.2504015 3.6816330 3.8981895 2.9861850 3.0362248 2.8166991 2.8689499 2.8166991 2.8388688 2.9861850 2.9282468 2.5922588 1.7523817 1.9528896 2.0036136 1.6806251 2.2531155 2.0050748 2.1561215 1.7572628 1.9643853 2.6421900 2.2463574 2.2073989 2.6457185 2.3463882 2.6875361 2.8351366 2.5268970 1.6262088 2.7813161 3.0036971 2.8836808 2.0999796 2.8836808 1.6864266 2.6014674 2.1938575 2.1938575 2.3898682 1.7175771 2.1647451 2.3463882 2.0036136 1.6806251 1.6111817 2.6451624 1.6446400 2.0946128 1.7137267 3.0942295 3.0036971 2.9150120 2.8634543 1.9437485 1.7770558 1.7064730 2.1941239 2.8351366 2.5479071 2.0974881 2.0877814 1.7496819 2.2698288 2.1647451 2.3898682 2.2698288 2.2463574 2.2868528 2.5479071 1.8045406 1.9028393 2.2194740 1.7712252 2.3231731 2.4319972 2.1080974 2.1080974 1.9028393 2.2194740 2.1905355 2.3282376 2.4229269 
WP_003416101.1-bacteria 1.1301625 1.0187885 1.3252492 0.0000000 0.5551986 1.5019378 0.3157206 1.2054605 0.3226712 0.5752872 0.7048702 1.5790616 0.9898819 1.2867346 0.8998406 1.4162705 1.0973432 1.1157668 1.2415270 1.2895918 1.6234231 1.3346887 1.2605114 1.1731523 1.5454275 1.3817550 1.8620428 1.1993493 0.8076890 0.8061549 1.6925903 1.6724742 1.4815255 1.2655154 1.8267317 1.6582259 0.8338429 1.7547654 1.7469038 0.9612214 1.3127290 2.8311331 2.0722874 2.0730223 1.9720289 2.6367854 2.8844829 2.6275063 1.9081568 3.1523520 3.7121593 4.1528566 3.5595693 3.3865899 3.6749153 3.0559261 4.2081953 4.1638585 3.4903426 3.0166760 2.8990422 2.9696733 2.9696733 2.9199204 4.0701366 3.9782140 3.9782140 4.1394610 3.6140312 0.8241753 0.9510198 0.9510198 0.8694192 0.7708707 0.9399810 1.8582494 1.6883142 2.2969734 2.3351166 2.2969734 2.2692216 4.2646317 2.7419632 2.6791244 3.8831756 3.5314257 2.5276541 2.5944592 3.8831756 3.1230618 5.0426451 5.0426451 3.5430580 5.0648948 3.5430580 4.2646317 2.9618019 3.5314257 2.6568503 4.0775696 4.0775696 3.9528579 3.9528579 3.4436311 2.6791244 2.6568503 3.2509508 2.7100023 4.5815240 2.7419632 3.4436311 2.8497492 2.8354044 2.8332199 4.0490061 2.9434992 4.0490061 2.7554210 3.2017775 3.2561594 3.2744993 3.0828556 4.1427149 3.9109898 3.3062441 2.1081600 2.1539066 2.1300567 1.8771038 2.1300567 2.0956512 2.1081600 1.9078585 1.9080211 0.8903936 1.1951288 1.4144716 1.1500944 1.3538964 1.1058113 1.3993842 1.0915498 1.6641956 1.9339276 1.4174964 1.4371229 1.3674296 1.7504793 1.3493201 1.8298042 1.8482072 0.8998900 2.1685088 2.5603231 1.4969307 1.7812404 1.4969307 1.4444621 2.0421328 1.5542135 1.5542135 1.6716905 1.4071280 1.6016607 1.7504793 1.4144716 1.1500944 1.4686553 1.9957575 0.8034990 1.4673725 0.7227116 2.5678816 2.5603231 1.5237013 1.4397885 1.3167674 1.1124504 0.9776900 1.3991865 1.8298042 1.2786966 1.4507006 1.4401521 1.1315284 1.5327071 1.6016607 1.6716905 1.5327071 1.4174964 1.5543510 1.2786966 1.4274042 1.1869610 1.6375428 0.9994409 1.5614041 1.0740166 1.0478287 1.0478287 1.1869610 1.6375428 1.7001664 1.4060462 1.6744443 
WP_000350729.1-bacteria 1.2417657 1.1745831 1.5209079 0.5551986 0.0000000 1.5010406 0.4275873 1.2586982 0.4177008 0.0718581 0.4156127 1.5389123 0.8299734 1.1488070 1.1587504 1.1890246 1.0538695 0.9330564 1.3602222 1.3690667 1.9388260 0.9798530 1.1942764 1.1811757 1.3437810 1.2267741 1.7515312 0.8863316 0.9855983 0.9838332 1.5181992 1.8390976 1.4454919 1.2385880 1.7713601 1.7521324 1.0342896 1.7088422 1.6267340 0.9931038 1.2693418 3.0142569 1.8146657 1.8806111 1.6530859 2.5958817 2.7573583 2.5372737 1.8589918 3.2915691 2.9772997 3.8982243 3.1514026 3.5046563 3.6846427 2.6293553 3.4314610 3.4192957 3.0074656 2.8908197 3.2389440 2.9851846 2.9851846 3.0353880 3.6566854 3.5004469 3.5004469 3.6701186 3.3248876 0.7267394 0.7259080 0.7259080 0.6344898 0.3155802 1.1781534 1.4587346 2.0833458 2.1507916 2.2754076 2.1507916 1.9202173 3.9645031 2.8862929 2.8999939 3.5241724 3.2733000 2.7926887 2.5365371 3.5241724 3.1037187 4.3938052 4.3938052 3.2830227 4.4034805 3.2830227 3.9645031 2.8861569 3.2733000 2.6338370 3.5733960 3.5733960 3.5903729 3.5903729 3.3681992 2.8999939 2.6338370 3.2116701 2.7959010 4.0940173 2.8862929 3.3681992 2.7710326 2.9117445 2.9756574 3.6776332 2.8684446 3.6776332 2.8344862 3.4997704 3.6149611 3.2492180 3.0594571 3.8388765 3.5502970 3.4708836 2.3150630 2.3597399 2.3336675 2.1675898 2.3336675 2.2940619 2.3150630 2.2120138 1.6511982 0.7848723 1.0670811 1.2795023 1.0354469 1.8948334 1.3099593 1.2988647 1.0188975 1.4762906 1.7219922 1.8612650 1.6840157 1.2197505 1.6688611 1.3467899 1.7768978 1.6009402 0.9694532 2.1397111 2.2601593 1.1811171 1.6072770 1.1811171 1.2181460 1.8183236 1.6873258 1.6873258 2.1432485 1.6876175 2.0636961 1.6688611 1.2795023 1.0354469 1.2572661 1.7781764 0.4459040 1.4156581 0.3092053 2.3892350 2.2601593 1.2092008 1.3790379 1.3389036 1.0596747 0.6591118 1.2279327 1.7768978 1.4472032 1.4497103 1.3338495 1.0913143 2.0536997 2.0636961 2.1432485 2.0536997 1.8612650 2.0607250 1.4472032 1.7139473 1.2167219 1.3909804 1.0430608 1.8023279 1.0646530 1.2272301 1.2272301 1.2167219 1.3909804 1.6323725 2.1597666 1.6003691 
NP_417918.1-bacteria    1.0541991 1.0766598 1.3597879 1.5019378 1.5010406 0.0000000 1.5158480 1.7362905 1.4330390 1.5415479 1.6468732 1.9945483 1.6992452 1.7317960 1.4547909 2.1066353 1.8123204 1.8552665 1.5899920 1.3686842 2.0235354 1.7044206 2.2887007 1.7855056 1.6060101 1.5126560 2.1258805 1.6365333 1.2749698 1.2700896 2.4003166 2.1560274 1.9352164 1.8392596 1.9365764 2.0457527 0.9893193 2.0438703 2.0446682 1.4291829 2.0937487 2.2144938 2.0596957 2.2068452 1.8800831 2.2922455 2.3762066 2.2504017 1.8055213 4.1570069 3.9379032 4.2001740 4.8152846 3.9001921 3.9797471 3.0616731 4.4805171 3.1037980 3.0889149 2.8852475 3.5754971 3.8299765 3.8299765 3.8809554 4.0287853 4.2427261 4.2427261 4.1703553 4.5111841 1.7978984 1.9922849 1.9922849 1.9367033 1.7167903 1.6000728 2.2507203 2.6445889 3.1243735 3.1775994 3.1243735 3.3586730 3.6635588 3.6352649 3.1895958 3.5221244 3.6683213 3.2464203 3.1454998 3.5221244 3.3829223 4.0235087 4.0235087 3.7923982 3.8869426 3.7923982 3.6635588 3.8322225 3.6683213 3.1651008 4.0663404 4.0663404 3.5896073 3.5896073 3.6844903 3.1895958 3.1651008 3.3016857 3.1629325 3.9561852 3.6352649 3.6844903 3.2135202 3.1553326 3.6131911 3.8403187 3.8321764 3.8403187 3.1445306 3.7940087 3.9033630 3.8284004 3.1692528 4.8699845 3.7072818 3.6198858 2.5307030 2.5761004 2.3367309 2.3574508 2.3367309 2.3267017 2.5307030 2.4051623 2.3692840 1.7705546 1.1916967 2.1784801 1.3802842 2.1454305 2.2757953 2.0154191 1.7494446 2.6388660 2.1904861 2.2184546 2.4832976 2.1090700 2.3193920 2.4864602 2.6950165 2.3085288 1.4988476 2.6654698 3.1654375 2.7061563 2.0946689 2.7061563 2.0028398 2.2773896 2.2639182 2.2639182 2.6256164 2.0013682 2.5081292 2.3193920 2.1784801 1.3802842 2.2018228 2.3091801 1.8070697 1.9390634 1.6541558 3.1267967 3.1654375 2.7367770 2.6124754 2.5272964 1.1876104 1.2665727 2.5104508 2.6950165 2.3794366 1.9536189 2.1172275 1.7351400 2.3153560 2.5081292 2.6256164 2.3153560 2.2184546 2.5078536 2.3794366 2.0776341 1.5885925 2.4545382 1.3593198 2.4448718 2.0524969 2.6657644 2.6657644 1.5885925 2.4545382 2.5201339 2.2563414 2.2692454 
WP_009967190.1-bacteria 1.1804525 1.1174952 1.5080923 0.3157206 0.4275873 1.5158480 0.0000000 1.4206257 0.0266809 0.4882928 0.6997487 1.6285446 0.9218929 1.3958324 0.9829327 1.4135779 1.1480649 1.1015368 1.4666002 1.2581273 1.8696771 1.3495265 1.3394315 1.2139446 1.4790819 1.5077295 2.1214598 1.2099812 0.9796935 0.9779470 1.9243758 1.9567376 1.5727296 1.2543803 1.7593480 1.9345854 1.2119647 1.9777774 1.8684167 1.0164351 1.4135916 3.5488107 1.9079485 2.2752665 2.2492261 2.8653601 2.8129379 2.9254725 2.0574985 3.1616767 4.0313218 4.2430278 3.7612651 3.1878147 3.7731119 3.2175059 4.2536211 4.4593766 3.6118436 3.3735313 3.6369453 3.3007337 3.3007337 3.3542002 4.2282295 4.0309119 4.0309119 4.3084948 4.0923817 0.8972742 1.0264309 1.0264309 0.8690290 0.6087511 1.0589513 1.8194137 2.0932727 1.8987200 1.9383748 1.8987200 1.8589926 4.0616993 3.2484541 3.0380715 4.5157519 4.0002269 2.9095300 3.0678654 4.5157519 3.5800358 4.4538201 4.4538201 4.0167606 4.4682463 4.0167606 4.0616993 3.2447740 4.0002269 3.2638638 4.7527398 4.7527398 4.6025547 4.6025547 4.0515620 3.0380715 3.2638638 3.5800984 3.1417827 4.9028562 3.2484541 4.0515620 3.3099028 3.4848784 3.3069109 4.0590386 3.2249435 4.0590386 3.0899116 3.4967821 3.5030727 3.6144876 3.2400447 4.3809035 4.5508208 3.2214170 2.5166729 2.5698927 2.5281108 2.3512100 2.5281108 2.4832183 2.5166729 2.3940019 2.0648309 0.9655487 1.0080668 1.4489341 1.2164506 1.6678421 1.4420428 1.4675932 1.2888407 2.0753271 1.9597199 1.6503085 1.6652056 1.3633079 1.5406505 1.4229853 2.1150566 1.9975846 1.0606913 2.6382861 2.9069886 1.4490623 1.5199930 1.4490623 1.3158432 2.0754658 1.6835637 1.6835637 1.9208304 1.7424396 1.8464554 1.5406505 1.4489341 1.2164506 1.6532612 2.0257216 0.7924629 1.5198990 0.6623025 3.0939232 2.9069886 1.4804684 1.4296648 1.6776650 0.9824446 0.8551474 1.4320968 2.1150566 1.5875028 1.5867732 1.5058241 1.3111339 1.8397822 1.8464554 1.9208304 1.8397822 1.6503085 1.8538368 1.5875028 1.3653390 1.3531418 1.6049119 1.1555188 1.5993793 1.0191496 1.3760325 1.3760325 1.3531418 1.6049119 1.7453189 1.7431854 1.8536308 
WP_003435969.1-bacteria 1.0444349 1.0435562 1.4676739 1.2054605 1.2586982 1.7362905 1.4206257 0.0000000 1.4558618 1.2174316 1.1706067 0.5471470 1.3364537 1.5346606 1.2830158 1.7854461 1.3108295 1.4099096 1.2806848 1.1874576 0.8512565 1.2759957 1.8875157 1.2714418 1.5969621 1.5491906 0.7038566 1.2620752 1.0244152 1.0501803 0.9939375 0.7002184 0.7812308 1.6039123 1.8328953 0.7725615 1.1249450 1.0520860 0.7751418 1.0243849 1.6969719 2.8324838 2.0059135 1.2520143 1.1552019 2.4064644 2.7234504 2.1690967 1.4990680 3.4837062 2.9181746 3.1586533 2.9010406 3.1775410 3.3332056 2.4605338 3.1831981 3.1091542 2.7986174 3.1956678 2.6352507 2.9656564 2.9656564 2.9592598 3.3608829 3.2597007 3.2597007 3.1784648 3.3097725 1.7156602 1.7787335 1.7787335 1.5995937 1.3938021 1.2342490 2.4828827 2.0892623 2.3177974 2.3555127 2.3177974 2.1204134 3.4320391 3.1443377 2.8813172 3.3440816 3.6094620 3.1694022 2.7569783 3.3440816 3.7498097 3.6839063 3.6839063 3.7185401 3.7097789 3.7185401 3.4320391 3.3289595 3.6094620 2.7652803 3.5594488 3.5594488 3.4396087 3.4396087 3.6055025 2.8813172 2.7652803 3.4923858 3.1450629 3.3336664 3.1443377 3.6055025 2.9763141 2.8165611 3.4281945 2.8986943 3.3327081 2.8986943 3.4309015 3.1644144 3.0904883 3.3372368 3.4410853 4.3495514 3.4273348 3.1592906 2.2905092 2.3044941 2.4212536 2.3757435 2.4212536 2.3718697 2.2905092 2.3903144 2.3924268 1.3059187 1.5427385 1.6046419 1.1850690 2.2540528 1.7959164 1.6588096 1.2932172 2.2618123 2.2333224 2.2375480 1.9552213 2.1072550 1.7903527 2.1577779 2.0568461 2.3305755 1.6446630 2.1021759 2.5371405 1.8398058 1.5585552 1.8398058 1.8450684 2.0576390 1.9920865 1.9920865 2.3743354 1.7820179 2.5003990 1.7903527 1.6046419 1.1850690 1.7834062 2.1139863 1.3398113 1.7474017 1.4455571 2.6263039 2.5371405 1.8620239 1.5915107 1.5865841 1.5346657 1.6072888 2.0742939 2.0568461 2.1184548 1.7509361 1.7496130 1.2172721 2.4487395 2.5003990 2.3743354 2.4487395 2.2375480 2.3883323 2.1184548 1.3167702 1.4091675 1.8695876 1.6933195 1.4141764 2.1902250 2.2922229 2.2922229 1.4091675 1.8695876 2.1895486 2.3301042 1.6822079 
WP_000197755.1-bacteria 1.2109772 1.1469491 1.5569697 0.3226712 0.4177008 1.4330390 0.0266809 1.4558618 0.0000000 0.4768168 0.6655061 1.6704857 0.9467202 1.4326953 0.9367734 1.4442978 1.1759617 1.0509768 1.4117484 1.2931410 1.9157950 1.2930945 1.3816621 1.2424514 1.4270114 1.5439971 2.0687922 1.1577992 0.9765513 0.9748043 1.8780103 1.9425533 1.6151203 1.2608421 1.6871289 1.9400482 1.2119647 2.0206215 1.9152071 1.0171559 1.4441386 3.6167873 1.9664987 2.2133128 2.1700429 2.9217746 2.8679860 2.9826173 2.0678741 3.0400774 3.9793472 4.3327166 3.6206990 3.2518778 3.8500656 3.0911919 4.1278910 4.2773912 3.6321859 3.4421444 3.6866847 3.4431625 3.4431625 3.4970609 4.2698541 4.0824177 4.0824177 4.3510770 4.1298158 0.8542325 0.9772805 0.9772805 0.8269729 0.5911901 1.0842058 1.8159722 2.0035441 1.8201929 1.8581349 1.8201929 1.8047969 4.0970391 3.2584952 3.0817077 4.5765699 4.0563196 2.9508664 3.1109729 4.5765699 3.5905988 4.4946846 4.4946846 4.0733654 4.5094407 4.0733654 4.0970391 3.3600220 4.0563196 3.3094396 4.8140441 4.8140441 4.6641620 4.6641620 4.1084200 3.0817077 3.3094396 3.6592867 3.2261938 4.7909302 3.2584952 4.1084200 3.3976728 3.4951107 3.3169621 3.9784530 3.3397729 3.9784530 3.0993224 3.5074830 3.5137121 3.4711972 3.3149308 4.3848434 4.6119882 3.2589674 2.4475553 2.4999928 2.4604877 2.2875105 2.4604877 2.4170488 2.4475553 2.3288922 2.0750681 0.9380474 1.0017191 1.4561293 1.1601720 1.5992593 1.3797075 1.4747611 1.3257941 1.9946337 1.8806139 1.5822768 1.7231023 1.4163509 1.4761826 1.4500212 2.0351496 2.0074831 1.0129509 2.5176450 2.7995074 1.4091774 1.4582882 1.4091774 1.2772614 1.9927138 1.6189191 1.6189191 1.8412331 1.6683831 1.7686604 1.4761826 1.4561293 1.1601720 1.6063581 1.9447318 0.7736355 1.4592431 0.6469651 2.9813369 2.7995074 1.4400214 1.3720389 1.7175594 0.9760852 0.8131315 1.4482390 2.0351496 1.6144097 1.5258645 1.5130957 1.3335950 1.7632011 1.7686604 1.8412331 1.7632011 1.5822768 1.7766428 1.6144097 1.4522029 1.4274781 1.6127048 1.1046424 1.7012945 0.9778608 1.4106594 1.4106594 1.4274781 1.6127048 1.7901465 1.6691602 1.8796263 
WP_003230458.1-bacteria 1.2879663 1.2338684 1.6701763 0.5752872 0.0718581 1.5415479 0.4882928 1.2174316 0.4768168 0.0000000 0.4716232 1.5752079 0.8309710 1.1589014 1.1849330 1.2005826 1.0781935 1.0066102 1.2995916 1.3412856 1.8000101 0.9946731 1.1622527 1.1829262 1.2869490 1.2839509 1.7199722 0.8993800 0.9438008 0.9690063 1.4941296 1.7286256 1.3468096 1.2053553 1.7531790 1.6889357 0.9462514 1.6577212 1.6015076 0.9499945 1.2816975 2.8165697 1.8515747 1.7758753 1.7238909 2.4853663 2.6601851 2.4281985 1.6119549 3.1710002 2.9644822 4.1426736 3.2892544 3.5787106 3.5480069 2.7943853 3.4673576 3.6326335 3.1105798 2.7679381 2.7040362 2.9121039 2.9121039 2.9061288 3.5505338 3.4051273 3.4051273 3.5632230 3.3394123 0.7789566 0.7795695 0.7795695 0.6282708 0.2765121 1.2165253 1.4944317 2.0233001 2.1358384 2.2619271 2.1358384 1.7441446 3.9101782 2.8995684 2.9125855 3.5351036 3.0336329 2.8060726 2.3331951 3.5351036 2.9837864 4.3307346 4.3307346 3.0418085 4.3401169 3.0418085 3.9101782 2.8723666 3.0336329 2.4521722 3.5836490 3.5836490 3.6013760 3.6013760 3.1213010 2.9125855 2.4521722 3.1946272 2.8580489 4.2396457 2.8995684 3.1213010 2.8609669 2.7728144 2.9877504 3.5789332 2.8547908 3.5789332 2.8211582 3.4817746 3.4736171 3.2413749 3.0436164 3.7330864 3.5612664 3.3467578 2.2677614 2.2521058 2.2874109 2.1979705 2.2874109 2.2486213 2.2677614 2.1669086 1.7031872 0.8099533 1.0849087 1.2251593 1.0467630 1.7526449 1.3746370 1.2655484 0.9982797 1.6078533 1.7906509 1.7210441 1.8125298 1.2421925 1.6998838 1.3699569 1.8305475 1.6514700 0.9280453 2.0351290 2.0597000 1.2135455 1.6298571 1.2135455 1.3268762 1.8891131 1.6160410 1.6160410 2.0191718 1.5556039 1.9439421 1.6998838 1.2251593 1.0467630 1.3728827 1.8480758 0.4128001 1.4774692 0.2889490 2.1787897 2.0597000 1.2419869 1.3471728 1.4787481 1.0776166 0.6719502 1.1696916 1.8305475 1.3533232 1.5447203 1.3002241 1.1055124 1.9358543 1.9439421 2.0191718 1.9358543 1.7210441 1.9417916 1.3533232 1.6413706 1.2187790 1.3340829 0.9986690 1.7836162 1.0961379 1.1903250 1.1903250 1.2187790 1.3340829 1.6325615 2.0377005 1.6409586 
WP_011860953.1-bacteria 1.1737790 1.1769424 1.4772171 0.7048702 0.4156127 1.6468732 0.6997487 1.1706067 0.6655061 0.4716232 0.0000000 1.5488945 0.8660602 1.0632979 0.9068734 1.1533408 0.7244123 0.6788859 1.1076061 1.0515496 1.7417034 0.8089068 1.1478916 0.9150246 1.0659563 1.1161307 1.4223706 0.6935030 0.9668630 0.9925028 1.3216117 1.3807729 1.5466384 0.9846176 1.4960114 1.6222229 1.2124198 1.7423315 1.4650057 0.8702668 1.1567731 2.4887285 2.0769116 1.5478418 1.4814163 1.7969905 2.6640008 1.8887355 1.4162039 3.1162219 3.0058559 3.4444559 2.8010631 3.2744050 3.3386925 2.6224561 3.1071925 4.1126789 2.8025254 3.2034249 4.0886600 2.9291479 2.9291479 2.9230684 3.4788285 3.4060122 3.4060122 3.3545898 3.2251359 0.8090719 0.8180593 0.8180593 0.7794142 0.5557764 1.1917698 1.4902933 1.8684069 2.3121861 2.3141903 2.3121861 2.2310460 3.5373410 2.5362246 2.7808942 2.9244205 2.9269572 2.7172880 2.4595583 2.9244205 3.0300942 3.6261328 3.6261328 2.9347229 3.7394893 2.9347229 3.5373410 2.4818670 2.9269572 2.4510040 3.0988084 3.0988084 3.0034677 3.0034677 3.0137446 2.7808942 2.4510040 3.0064366 2.5453963 3.2248553 2.5362246 3.0137446 2.4580276 2.5790373 2.7626262 3.3548668 2.4655432 3.3548668 2.7993027 3.2068784 3.2088732 3.6871429 2.7757240 3.5615909 3.0110650 2.9298923 2.1421025 2.1833352 2.4919410 2.1270939 2.4919410 2.4487607 2.1421025 2.1695293 1.8616926 0.7185803 1.1710563 1.3390364 0.8888542 1.9109243 1.3048732 1.3980264 0.9266002 1.4881958 1.6743526 1.8740058 1.9249722 1.4296283 1.4237220 1.4520950 1.5062947 1.8036544 0.9755350 1.8774214 2.0890325 1.1938807 1.3724833 1.1938807 1.3778749 1.6785191 1.3813456 1.3813456 1.9968305 1.3148390 1.9191041 1.4237220 1.3390364 0.8888542 1.1644820 1.7392772 0.5492880 1.0583759 0.5294910 2.2065598 2.0890325 1.1835909 1.3101184 1.3413144 1.1024906 0.6731633 1.2258609 1.5062947 1.5102989 1.0935738 1.4343568 0.9547755 1.9758510 1.9191041 1.9968305 1.9758510 1.8740058 1.9805070 1.5102989 1.3496191 1.1152891 1.5027388 1.0628744 1.4061887 0.9642052 1.3464893 1.3464893 1.1152891 1.5027388 1.6488701 2.0181681 1.4923598 
WP_025309103.1-bacteria 1.2390884 1.2881471 1.4985935 1.5790616 1.5389123 1.9945483 1.6285446 0.5471470 1.6704857 1.5752079 1.5488945 0.0000000 1.4093324 2.1881206 1.4858012 1.8422905 1.2622303 1.5503954 1.4372933 1.4402524 0.6649456 1.4174604 1.7388778 1.4080081 1.6713789 1.5314717 0.5832497 1.4255544 1.3313905 1.3609650 0.7244306 0.4837934 0.5283521 2.0503886 2.0924927 0.5726104 1.0978658 0.9508707 0.5382496 1.3452864 1.7239292 2.8952964 1.8597555 1.3073834 1.2467693 2.5667684 2.4185348 2.3088534 2.3374541 3.2950709 2.3062279 2.7784902 2.7167277 2.6631802 3.0190225 2.3742485 3.4189116 3.3062402 2.6055147 3.2768933 4.6445030 3.1852640 3.1852640 3.0766059 3.2005084 3.1346290 3.1346290 3.0359349 2.8225423 1.9206237 1.9871169 1.9871169 1.7525732 1.7539947 1.3892926 2.4184959 1.9860861 2.2517839 2.4071679 2.2517839 2.1408944 3.5824993 3.2085758 3.3195532 3.2991766 3.5118358 3.6633890 3.2450980 3.2991766 4.4861173 3.5492128 3.5492128 3.6382822 3.5590107 3.6382822 3.5824993 3.5344071 3.5118358 3.1212904 3.6458088 3.6458088 3.3915917 3.3915917 3.5311049 3.3195532 3.1212904 3.9675827 3.2959894 4.0874974 3.2085758 3.5311049 3.1795312 3.7042607 4.0648740 3.2653703 3.5347220 3.2653703 3.9953910 3.1054589 2.9692601 3.1841760 4.0003435 3.8491531 3.3534273 3.2385885 2.2353251 2.1633538 2.2249891 2.3243283 2.2249891 2.1881507 2.2353251 2.3379299 2.5656007 1.6629911 1.4807785 1.9801258 1.4020800 2.5016682 1.9316497 2.0453521 1.3939444 2.5878461 2.1168799 2.4753395 2.0536313 2.6753594 2.1450279 2.5675380 1.9739162 2.4986292 1.7382922 2.1506455 2.6168500 1.8389497 1.8569869 1.8389497 2.1491487 2.1005781 1.9696704 1.9696704 2.6362685 2.0917694 2.6526388 2.1450279 1.9801258 1.4020800 1.8814743 2.0358341 1.8782151 1.7393771 1.7464776 2.7191548 2.6168500 1.8758201 1.9328227 1.7116244 1.5020663 1.9177614 2.4982542 1.9739162 1.8358116 1.8179730 1.9956393 1.3606327 2.5690412 2.6526388 2.6362685 2.5690412 2.4753395 2.6110027 1.8358116 1.4249314 1.4883261 1.9938027 1.6954177 1.6959056 2.4342932 2.0737015 2.0737015 1.4883261 1.9938027 2.3273465 2.5949983 1.7243540 
NP_629389.1-bacteria    1.3785182 1.3599931 1.4549546 0.9898819 0.8299734 1.6992452 0.9218929 1.3364537 0.9467202 0.8309710 0.8660602 1.4093324 0.0000000 1.2721497 1.3126403 0.6510334 0.4899755 0.3628724 1.1585543 1.1508854 1.6196660 0.7440295 0.6580442 0.4694045 1.4578100 0.5652119 1.5705952 0.7639659 1.1201304 1.1174045 1.6522405 1.5878876 1.2470997 0.9547301 1.3940523 1.5161282 1.2512181 1.5549225 1.4553044 1.1912900 0.7488703 2.8257624 1.7495610 1.8545627 2.0517232 2.2540710 2.9399109 2.4725819 1.5556936 3.3819958 3.3627593 3.6871814 3.0707755 3.7320619 3.3758412 3.3518664 3.6996317 3.4344851 2.5948253 2.8135811 3.1394098 3.8078227 3.8078227 3.8631645 2.9417535 3.1824257 3.1824257 2.9011069 3.2117931 1.3125068 1.5449507 1.5449507 1.3135783 0.9129755 1.2029365 1.7651302 2.0373293 2.5945736 2.7125316 2.5945736 2.6673194 3.7640245 2.3898281 2.4734653 3.0668464 3.1356614 2.5701443 2.2442681 3.0668464 3.0362739 3.4773585 3.4773585 3.1367751 3.5045756 3.1367751 3.7640245 2.3565389 3.1356614 2.4053906 3.3547634 3.3547634 3.1240127 3.1240127 3.0480914 2.4734653 2.4053906 2.8165003 2.3158300 3.3758995 2.3898281 3.0480914 2.5540366 2.6341126 2.5454903 3.6376513 2.3712202 3.6376513 2.5075244 2.9767714 2.8355316 3.6252120 2.5595783 4.2449944 3.0889759 3.1341501 2.9565654 3.0060499 2.8923095 2.7374760 2.8923095 2.8396097 2.9565654 2.7234140 1.6674731 1.1987704 1.2325337 1.6142557 1.3540354 2.1481610 1.2658165 1.5181928 1.3028031 2.2972525 1.7671458 2.1154860 2.1101874 2.2331354 2.2718875 2.1416840 2.2397616 1.6042520 1.1328323 2.4318473 2.7345831 1.8372681 2.2584037 1.8372681 1.9925604 1.8062873 1.8286656 1.8286656 2.3347974 1.8433348 2.2230857 2.2718875 1.6142557 1.3540354 2.0578248 1.7645724 1.1129300 1.5302923 0.9246126 2.8409932 2.7345831 1.8596524 1.6967677 1.4568021 1.1130469 1.0416710 1.3659443 2.2397616 1.8712951 1.4733780 1.5946833 1.3986909 2.2293879 2.2230857 2.3347974 2.2293879 2.1154860 2.2476286 1.8712951 1.7831256 1.4956087 1.6242355 1.1710910 1.8285495 1.8610689 1.1876055 1.1876055 1.4956087 1.6242355 2.4428993 2.4032086 1.5147035 
WP_011244805.1-bacteria 1.9758673 1.8633585 1.7374727 1.2867346 1.1488070 1.7317960 1.3958324 1.5346606 1.4326953 1.1589014 1.0632979 2.1881206 1.2721497 0.0000000 1.7418625 1.2937744 0.9841436 1.0439986 1.3932471 1.3226518 2.0357386 0.9890512 1.5545500 1.1566147 1.4014928 1.5014881 2.4386483 0.9586284 1.4652039 1.4990715 2.4114559 2.1361827 1.5778096 1.1860915 0.8187135 2.1938227 1.8278484 2.0564966 1.9054519 1.5909682 1.4097355 2.3804092 1.8186602 2.0370137 2.0976389 2.3105568 2.9109164 2.1680753 1.7458252 3.3302574 5.0645815 3.8327687 2.5454571 2.5959733 3.4372308 3.3310819 3.1854621 3.4947305 2.4858917 3.0173226 6.0201727 4.1074829 4.1074829 4.0881036 3.9328913 3.6849299 3.6849299 3.7789924 4.0433624 1.3836416 1.5090176 1.5090176 1.5862776 1.2348888 1.4751957 2.0483947 2.2749087 2.8538765 3.0044370 2.8538765 2.6181054 5.0362174 3.0263493 3.1686252 3.9836841 3.8842688 3.0629381 3.0460827 3.9836841 3.1431972 4.3112374 4.3112374 3.9417719 4.2062901 3.9417719 5.0362174 2.9224203 3.8842688 3.1116442 3.9122605 3.9122605 4.0605588 4.0605588 4.0496117 3.1686252 3.1116442 3.2307246 3.1016989 4.2675802 3.0263493 4.0496117 3.2722564 3.2605716 3.0026495 3.6944347 2.9260450 3.6944347 2.8899402 3.9439335 3.8201352 3.8165039 2.9917942 4.6072985 4.0651226 3.9259605 2.8336255 2.9008698 2.9178542 2.8753229 2.9178542 2.8649503 2.8336255 2.8443105 2.2925937 1.3305599 1.5115388 1.4780418 1.7469907 3.0178975 1.6353551 1.5029858 1.5678950 2.1226985 2.0809105 2.9466720 1.8862649 2.0695297 2.0817912 2.0349181 2.8381190 2.2619209 1.5988966 2.1393472 2.4382775 1.5545916 2.3781534 1.5545916 1.9214619 2.0758072 2.5250211 2.5250211 3.3179365 2.3708838 3.1627146 2.0817912 1.4780418 1.7469907 1.8788140 2.1477479 1.1307853 1.9461463 1.2279103 2.5547278 2.4382775 1.5477130 1.7302298 1.8790387 1.5411383 1.3275456 2.0997630 2.8381190 2.3874659 1.9283007 1.4770395 1.5578207 3.2715257 3.1627146 3.3179365 3.2715257 2.9466720 3.1886107 2.3874659 2.3065316 1.8200487 1.6283255 1.7503982 1.8815886 2.1474353 1.8410881 1.8410881 1.8200487 1.6283255 1.9628490 3.5053504 1.7881795 
WP_000051382.1-bacteria 1.2601128 1.2350748 1.4413353 0.8998406 1.1587504 1.4547909 0.9829327 1.2830158 0.9367734 1.1849330 0.9068734 1.4858012 1.3126403 1.7418625 0.0000000 1.8497416 1.3582029 1.3989308 1.6799445 1.4949690 1.8878965 1.4859555 1.8819421 1.5187804 1.6234192 1.5472653 1.4311185 1.4305334 0.5858538 0.6055561 1.5125124 1.4277859 1.7023902 1.4454580 1.6252992 1.8531458 0.2535236 1.8043524 1.8466379 0.5696285 1.7336521 2.6929465 2.2060134 2.1730827 2.0425976 2.4651266 2.3199803 2.5130122 1.8504478 3.2531707 2.7224377 3.3190732 3.2986128 3.4083690 2.9228786 2.5227181 3.8736842 3.3942831 3.0315908 3.1708660 2.9481255 3.9974068 3.9974068 3.8687512 4.7322140 3.8795382 3.8795382 4.8569497 5.2172724 1.4734100 1.6092364 1.6092364 1.2648076 1.0864555 0.6326197 2.1945844 1.8354603 1.9512883 2.0335793 1.9512883 2.2943214 3.9218857 3.1909530 2.9537395 4.3145720 4.4364274 3.2607147 3.0863544 4.3145720 3.1849075 4.0855884 4.0855884 4.4284096 4.1057337 4.4284096 3.9218857 3.1115913 4.4364274 2.9331442 4.7310762 4.7310762 4.3997165 4.3997165 4.4017173 2.9537395 2.9331442 3.0136382 3.0610044 4.7601882 3.1909530 4.4017173 2.9634268 3.0756023 2.7914829 3.7564581 3.1124424 3.7564581 3.0563365 3.4333425 3.5019598 4.0381804 3.1250759 4.5820633 4.4030186 3.0481594 2.2415024 2.3124531 2.2839929 2.1910368 2.2839929 2.1518704 2.2415024 2.2104205 1.7497070 1.2860545 1.1737305 1.9353176 1.1625773 2.1528857 1.5242514 1.9479722 1.4025757 1.9888448 2.5165695 2.1275779 1.6400746 1.6576667 1.8983384 1.6020879 2.1483417 1.7961576 1.1001913 2.6507587 3.0616714 1.5646890 1.5825698 1.5646890 1.5817662 2.5262902 1.6375344 1.6375344 2.3683798 1.7004628 2.3551039 1.8983384 1.9353176 1.1625773 1.4021596 2.6149545 1.2790345 1.3208223 1.1976314 3.2091275 3.0616714 1.5930919 1.4487496 1.6435726 1.0772113 1.2404551 1.7219157 2.1483417 1.8816270 1.4294374 2.1196947 1.2683332 2.3340159 2.3551039 2.3683798 2.3340159 2.1275779 2.3855719 1.8816270 1.7625058 1.3989115 2.2726665 1.0377117 1.9447977 1.4233723 1.6767037 1.6767037 1.3989115 2.2726665 1.6909561 2.1955096 1.9575508 
NP_630601.1-bacteria    1.9270945 1.7037861 2.0206676 1.4162705 1.1890246 2.1066353 1.4135779 1.7854461 1.4442978 1.2005826 1.1533408 1.8422905 0.6510334 1.2937744 1.8497416 0.0000000 0.7935737 0.7576999 1.0877456 1.2076048 1.6833514 0.8282910 0.2543250 0.7758042 1.3366771 0.8319716 1.8938165 0.8280841 1.4491106 1.4828138 2.1039596 1.9465816 1.6360945 1.0550112 1.3473227 1.6544082 2.1104176 1.8617070 1.3653382 1.6373562 0.1654735 2.8669880 2.3136336 1.7249978 2.2496095 2.8025964 3.2189390 2.5792914 1.5590920 3.1779644 4.4497963 4.1527093 3.4990375 3.7044346 3.9412163 3.9620206 5.0555991 4.1863120 3.4436053 2.6489736 3.8950527 3.5726151 3.5726151 3.5607543 3.1555232 3.4696747 3.4696747 3.1103993 3.7472428 1.6444979 2.0058686 2.0058686 1.7459972 1.1737323 1.4309127 2.1023942 2.7589724 3.2420496 3.2014614 3.2420496 3.3584041 4.8448000 2.8725137 2.6288470 3.3422653 2.8820125 2.6772556 2.0651096 3.3422653 2.9437901 3.9112716 3.9112716 2.8820046 3.9455306 2.8820046 4.8448000 2.5968438 2.8820125 2.0660343 2.9877876 2.9877876 3.4023099 3.4023099 2.8023886 2.6288470 2.0660343 3.4640033 2.7598186 4.1495366 2.8725137 2.8023886 2.7399053 2.8407933 2.7963369 3.8667624 2.5270149 3.8667624 2.9582521 3.2037939 3.0911936 3.7236872 3.3883961 4.1212909 3.4086871 4.0638076 3.4908080 3.5373412 3.2862927 3.2699706 3.2862927 3.2245111 3.4908080 3.2892573 2.1816804 1.5812645 1.8958183 1.6180380 1.7221423 2.7490408 1.6333304 1.5657607 1.8399541 3.2381425 2.2815208 2.6881570 2.0778543 2.1716805 2.5131127 2.2944439 2.2479680 2.0961563 1.4864701 2.3742731 2.8584062 1.9702218 2.4413998 1.9702218 2.6869291 2.3071619 2.2312617 2.2312617 2.9715242 2.6671606 2.9737559 2.5131127 1.6180380 1.7221423 3.0073808 2.3838595 1.5840598 1.5904173 1.4642332 2.9905437 2.8584062 1.9506272 1.9705163 1.5159246 1.8933544 1.3560277 1.6901582 2.2479680 2.1421122 1.4898070 1.5275873 1.7070857 3.0458267 2.9737559 2.9715242 3.0458267 2.6881570 2.9721795 2.1421122 2.4177632 1.9988798 1.3867934 1.6511086 2.3959053 2.0514784 1.3210093 1.3210093 1.9988798 1.3867934 2.3328944 3.1920087 1.7489059 
NP_627288.1-bacteria    1.4712600 1.3888840 1.5506545 1.0973432 1.0538695 1.8123204 1.1480649 1.3108295 1.1759617 1.0781935 0.7244123 1.2622303 0.4899755 0.9841436 1.3582029 0.7935737 0.0000000 0.2369160 1.0645004 1.0285961 1.2963408 0.3554625 0.8529605 0.3658099 1.1855011 0.7853244 1.4150769 0.3605072 1.1275199 1.1556713 1.5530947 1.5336330 1.3218228 0.9198079 1.2784224 1.5111275 1.2809471 1.6284329 1.3303426 1.2341083 0.7868174 2.3860218 2.0792711 1.9997993 1.9169117 1.9779731 2.7476332 1.8320742 1.5388918 3.2686256 4.5483174 3.6822750 3.0631813 3.4953277 3.6603146 3.8080733 4.0879816 4.3331955 3.2141222 3.4385970 3.5693298 3.7773580 3.7773580 3.7632111 2.9941104 3.2036938 3.2036938 2.8347144 3.0247154 1.2363083 1.4531641 1.4531641 1.2882281 1.0340033 1.1739253 1.8236940 2.1580504 2.9371734 2.9029484 2.9371734 3.0747305 3.9786418 3.2794511 3.2888999 3.0339983 3.7030580 3.2340906 2.6930188 3.0339983 3.3638305 4.1832695 4.1832695 3.7076139 4.1958593 3.7076139 3.9786418 2.9988847 3.7030580 2.8914226 3.3777416 3.3777416 3.1168557 3.1168557 3.5993720 3.2888999 2.8914226 3.4281842 2.6214225 4.2591262 3.2794511 3.5993720 2.7569455 3.2925716 2.9264113 4.3574896 2.9998167 4.3574896 3.2336475 2.8470928 2.8220685 4.1469615 3.1148399 4.2102247 3.1242125 3.9258189 2.8610242 2.9283258 2.8925983 2.6978604 2.8925983 2.8399489 2.8610242 2.6681929 2.0463820 1.2005114 1.4031366 1.8006648 1.3964888 2.2960635 1.4108607 1.7756328 1.3776671 2.2469544 1.9935280 2.2433225 2.1200726 1.9214155 2.0279767 1.8297773 2.3858292 1.9660364 1.1673676 2.1594650 2.6615823 1.5795900 2.1737986 1.5795900 2.0605709 1.9335552 1.9805397 1.9805397 2.7609679 1.7756852 2.7988008 2.0279767 1.8006648 1.3964888 2.0217924 2.0035255 1.1271093 1.5563054 1.0415778 2.7912410 2.6615823 1.5674195 1.5834754 1.7773083 1.3713843 1.0038461 1.6563628 2.3858292 1.7665091 1.5257069 1.8084067 1.3896797 2.6800758 2.7988008 2.7609679 2.6800758 2.2433225 2.7246517 1.7665091 1.8458227 1.6883021 1.7722357 1.1794460 1.5708571 1.6119392 1.4933873 1.4933873 1.6883021 1.7722357 1.9804676 2.6025000 1.5866150 
NP_628216.1-bacteria    1.5993738 1.5342346 1.6563246 1.1157668 0.9330564 1.8552665 1.1015368 1.4099096 1.0509768 1.0066102 0.6788859 1.5503954 0.3628724 1.0439986 1.3989308 0.7576999 0.2369160 0.0000000 1.1388147 1.1334994 1.6562173 0.4176461 0.7994000 0.2637197 1.1528528 0.7334554 1.3096400 0.4068036 1.2085764 1.2057751 1.6477193 1.5415639 1.3719715 0.9517658 1.2625416 1.6589621 1.2908100 1.9071479 1.5115057 1.2674538 0.8042172 2.6541706 1.9766916 1.8118950 1.9078949 2.0522971 3.0250869 2.0680019 1.5246772 3.3268837 3.5467352 4.2165817 2.9907598 4.1294219 3.8250885 3.6174190 3.6971443 3.8592967 3.4579404 3.1890706 4.1744407 3.6245157 3.6245157 3.6804174 3.3416059 3.2213731 3.2213731 3.2264256 3.1247028 1.1856713 1.4077858 1.4077858 1.2794059 1.0309341 1.3061395 1.7241560 2.1863948 2.9502059 2.9153797 2.9502059 3.1770038 4.1685841 3.0392229 3.0513163 3.4392895 3.8273593 3.0280732 2.6645602 3.4392895 3.4223880 3.5914246 3.5914246 3.8326649 3.6000536 3.8326649 4.1685841 2.7270902 3.8273593 2.8536428 3.7154907 3.7154907 3.5326942 3.5326942 3.7236283 3.0513163 2.8536428 3.2865067 2.6828029 4.0027448 3.0392229 3.7236283 2.8279478 3.2205441 2.9285173 4.2714048 2.7306366 4.2714048 3.0370902 2.8638955 2.6437694 4.0760482 2.9817368 4.3434390 3.5387718 3.3971693 2.9484346 3.0171949 2.9895047 2.8472622 2.9895047 2.9345994 2.9484346 2.8167949 2.1759613 1.2304708 1.3394323 1.8866498 1.3227768 2.2986501 1.3467817 1.8291195 1.4213621 2.0385563 1.8350602 2.2451462 2.1362638 2.1636030 2.0738727 2.0597470 2.2172927 2.0908601 1.0071661 2.3498156 2.8401219 1.6202058 2.2192645 1.6202058 1.8920655 1.8175388 1.8803281 1.8803281 2.8296395 1.8194839 2.7478123 2.0738727 1.8866498 1.3227768 1.9632344 1.8856017 1.1858639 1.5255488 1.0008663 2.9811666 2.8401219 1.6369454 1.5982043 1.7310981 1.3192215 0.9587036 1.5250699 2.2172927 1.8077921 1.4793073 1.8782322 1.4116353 2.7450976 2.7478123 2.8296395 2.7450976 2.2451462 2.7915159 1.8077921 1.8343323 1.6603089 1.8920303 1.0167310 1.7318510 1.6947471 1.5367963 1.5367963 1.6603089 1.8920303 2.1377399 2.6000002 1.7899273 
WP_003246715.1-bacteria 1.5371980 1.7022937 2.1271100 1.2415270 1.3602222 1.5899920 1.4666002 1.2806848 1.4117484 1.2995916 1.1076061 1.4372933 1.1585543 1.3932471 1.6799445 1.0877456 1.0645004 1.1388147 0.0000000 0.3345998 1.3604210 1.0341877 1.1900914 1.2066756 0.5910034 1.2200149 1.5589595 0.9930351 1.2070366 1.2357856 1.7558980 1.7115335 1.3951007 1.1194092 1.4919586 1.4664572 1.7932298 1.9639216 1.3204561 1.3660293 1.0902476 2.1283836 2.8583077 2.0335386 1.8278063 1.9854716 2.3889839 1.9046259 1.7339677 3.7578532 3.7992725 3.0173096 3.3010529 3.5918597 3.7401474 2.9690167 4.1772313 3.7764278 3.8312105 3.2461431 4.7527799 3.6131340 3.6131340 3.6007876 2.8972823 3.2199857 3.2199857 2.9011914 3.0557685 1.7862320 1.8996500 1.8996500 1.8451757 1.1217415 1.3756454 2.2303351 2.3708323 3.1574621 3.2618830 3.1574621 2.9170783 4.8219715 2.8591344 2.7676983 3.1458394 3.5373424 3.0007031 2.5536823 3.1458394 3.4225392 4.7743670 4.7743670 3.5407199 4.8427123 3.5407199 4.8219715 3.2317086 3.5373424 2.5442947 3.4447886 3.4447886 3.2305351 3.2305351 3.4394591 2.7676983 2.5442947 3.5155547 2.9294156 3.7896555 2.8591344 3.4394591 2.8952543 2.8767519 3.1512176 3.4405174 3.1446140 3.4405174 3.1277929 3.7202936 3.7787644 4.0739940 3.6469796 3.3347594 3.2374680 3.8003544 1.9524800 1.9887475 1.9300542 1.8535830 1.9300542 1.8990683 1.9524800 1.8511295 2.6367537 1.0684666 1.4400860 1.6874218 1.4847994 2.2573363 2.0251679 1.8057112 1.5433080 2.6189496 1.8794790 2.3387654 2.4072217 2.4693408 1.8923487 2.5885173 2.3205633 2.5239058 1.2234715 2.0784084 2.4938402 1.7204475 1.8455019 1.7204475 2.4385562 1.9099515 1.8943582 1.8943582 2.5276292 2.0217843 2.4783536 1.8923487 1.6874218 1.4847994 2.5634690 1.9459437 1.4061301 1.1484463 1.2338337 2.4663014 2.4938402 1.7485829 1.5076015 1.4948153 1.4046688 1.2531564 1.8214071 2.3205633 1.7916430 1.0982547 1.8169296 1.4972257 2.5003455 2.4783536 2.5276292 2.5003455 2.3387654 2.4154160 1.7916430 1.8460100 1.8695668 1.9430108 1.3134918 1.8701407 1.6356776 1.8001326 1.8001326 1.8695668 1.9430108 2.2528795 2.3786517 1.7638496 
