220
AGH27928.1_phage        0.0000000 2.1240829 1.4315720 2.6138221 2.6287460 2.3601838 2.6287460 2.3734080 2.5817345 2.6479331 2.8185678 2.7011980 2.5441956 2.4713850 2.5379853 2.5183271 2.1415235 2.0397043 2.1709451 1.6179615 3.4253685 2.2592303 2.1415235 2.2429438 2.1427735 2.6526495 2.1427735 2.2839390 2.0760291 2.1865304 1.9644548 2.8185678 2.1292970 2.6526495 2.2950664 2.8263890 2.6479331 2.0536799 2.8263890 3.3708695 2.1271462 3.3789945 2.3238878 2.3015564 2.6121552 3.3332921 2.1206444 2.1609004 2.6204028 2.8933460 2.8323350 2.8933460 2.1654439 2.0361158 2.8933460 2.2297500 2.3669588 2.6204028 3.0542253 2.1214037 2.5740523 2.5441956 2.6479331 2.3734080 2.2641775 2.6138221 2.1865304 2.8185678 2.4185676 2.0473456 2.6479331 3.3702821 2.1218864 2.6097418 2.6204028 3.3332921 2.3166626 2.3733756 2.3166626 2.3030995 2.2901009 2.8811574 2.2030828 2.8811574 2.2030828 2.8010810 2.2963458 2.6526495 2.5179215 2.6629898 1.9350036 2.1697660 3.0542253 2.0942934 1.9350036 2.1697660 2.3736261 3.3708695 2.1271462 2.1206444 2.1609004 2.1011038 2.0048825 2.1082058 2.1082058 2.5179215 2.6625261 2.6204028 2.6526495 3.1764595 3.1764595 3.1764595 2.5779452 3.1808269 2.7575935 2.5415078 2.6148248 2.6321134 2.3583604 2.9275712 2.8939520 2.5949282 2.1277130 2.2948185 2.6013837 2.6784291 2.4911569 2.8401898 2.2304756 2.8133582 2.2470304 2.3171792 1.8536988 2.4124251 2.0607217 1.9731542 2.1557384 2.3931534 2.0958497 2.6517006 2.4499246 1.9391800 2.3136581 2.4083047 2.6137998 2.6954834 2.7309814 2.4139560 3.4479885 2.3669831 2.5496317 2.5743838 2.9466755 2.7094378 2.5134323 2.5251508 2.6183197 2.7650364 2.2286664 2.2451588 2.2482472 3.2122558 3.2340668 3.3654705 3.1238935 2.7609602 2.5424045 2.1790816 2.4512607 2.4012864 2.3268361 2.3142242 3.0133693 2.2812945 2.5817243 3.2680328 2.8974643 2.6136552 2.6479345 2.3722133 3.2606949 2.1140920 2.3742343 1.8337782 1.6020320 1.8451326 2.2911728 2.3414986 3.0969725 2.3561030 2.7460986 2.3745319 3.7296989 2.7766098 2.5849506 2.0512034 3.4617700 3.9432044 2.0765956 3.8531623 3.4008965 2.4423610 3.0972211 4.2090700 2.0826751 1.9350134 1.5433544 3.7235249 3.2819321 2.2499093 2.3845264 3.2123534 2.0804222 1.9605270 1.9995579 1.9294146 1.5346252 2.2272722 2.8509147 2.4664001 
ADL40362.1_phage        2.1240829 0.0000000 2.3014502 2.7536614 3.4085151 2.5808165 3.4085151 2.4935698 3.4167123 2.8530782 2.9665088 2.8260225 2.2536430 2.6668643 2.2363468 2.6464921 2.6396023 2.3764036 2.2405686 1.9845784 2.3997447 2.4648575 2.6396023 2.2510006 2.4498013 2.8709987 2.4498013 2.4610262 2.7159760 2.3544281 2.2465808 2.9665088 2.7678180 2.8780186 2.5563137 2.8321317 2.8600394 2.5312292 2.8321317 2.7946147 2.3499261 3.2103361 2.2696267 2.5030748 2.7058842 2.9280628 2.6865541 2.3372307 2.0566362 3.0548255 2.9317545 3.0548255 2.2308610 2.5139308 3.0548255 2.3492971 2.4895708 2.0566362 2.4592824 2.2143130 2.1854733 2.2536430 2.8530782 2.4935698 2.3696714 2.7536614 2.3544281 2.9665088 2.6360429 2.3193273 2.8600394 2.6073779 2.3801790 2.8072799 2.0566362 2.9280628 2.3550384 2.0067568 2.3550384 2.5422419 2.5324806 2.7199456 2.4824273 2.7199456 2.4824273 2.7117113 2.4326977 2.8780186 2.3907072 2.8580244 2.5248926 2.3353919 2.4182432 2.2368726 2.5248926 2.3353919 2.4864660 2.7946147 2.3899076 2.6865541 2.3372307 2.6563115 2.3014615 2.0731607 2.0731607 2.3907072 2.6468983 2.0566362 2.8709987 3.8134989 3.8134989 3.8134989 1.9842727 3.1337874 2.8963804 2.5257834 2.9711136 2.3540393 2.5604058 3.4264920 2.1812586 2.7157418 2.3432760 2.3985053 2.5087508 2.1235355 2.0211629 2.5096973 2.3689387 2.2495611 2.0943746 2.0792003 1.8406273 2.6344141 2.0298749 2.6623190 2.5557158 2.6080368 2.0014279 2.8936782 2.6366281 2.1532531 2.5206264 2.4373525 2.6652522 2.9503558 2.7099237 2.5899767 3.3606635 1.9646579 2.4671382 2.8259084 2.4646919 2.9684153 2.1397464 2.1357760 2.4613604 2.2337800 2.4788031 2.8346670 2.5663405 2.7881659 2.9329295 2.9442948 3.2221434 2.6336353 2.6114629 2.4784399 2.7116877 2.5813238 2.2285131 2.5619078 3.3406397 2.5071340 2.6933170 3.0475814 2.8644196 2.5980662 2.5974419 2.5489073 4.3419555 2.1717627 1.7197076 2.2319557 2.1038029 2.1556717 2.8049128 2.7440060 3.2110910 2.6432762 2.3556091 2.6230352 2.7153144 2.2369375 2.5061706 2.8970436 4.3530322 3.8983486 2.0806544 4.0421326 3.7072282 2.9613958 3.7975580 3.6513803 2.4289160 2.2441126 2.1739117 3.9747842 3.4831099 2.6013086 3.3183202 3.4336091 2.3136316 2.3050030 2.2207209 2.1003291 2.1382070 2.6139677 3.4598546 2.7002127 
AAL96802.1_phage        1.4315720 2.3014502 0.0000000 2.7087804 3.3477085 3.1840055 3.3477085 2.3384089 3.3004580 2.8060882 3.0917115 3.1318080 2.7175833 2.6879500 2.7554552 2.7231152 1.7709528 2.2981487 2.6344014 1.6840757 2.5470022 2.1839153 1.7709528 2.0995727 2.3841064 2.8224988 2.3841064 2.4110574 2.3381267 2.1860168 1.9261493 3.0917115 2.3133117 2.8907933 2.8592615 3.0636205 2.8739509 1.7157476 3.0636205 2.8301630 2.4788313 4.1349536 2.1171827 3.0037938 2.8459783 3.7372770 1.6974593 2.2969775 2.5557116 3.0917115 3.1327591 3.0917115 2.1284821 1.7977243 3.0917115 2.2245782 2.3384089 2.5557116 2.4125614 2.4323469 2.7130623 2.7175833 2.8060882 2.3384089 2.1538584 2.7087804 2.1860168 3.0917115 2.2918868 1.9315469 2.8739509 2.6250460 2.2237344 2.7050712 2.5726548 3.7372770 2.1819934 2.5755438 2.1819934 2.8905406 2.8592615 3.1513913 3.2775317 3.1513913 3.2775317 3.0991835 2.8074840 2.8907933 2.7298998 2.8421473 1.9936485 2.1290567 2.3743868 2.4213957 1.9936485 2.1290567 2.3384089 2.8301630 2.5191322 1.6974593 2.2969775 1.9947669 2.1959784 2.2330053 2.2330053 2.7298998 2.8022452 2.5726548 2.8224988 3.7043496 3.7043496 3.7043496 2.9116606 2.7468896 2.9297786 2.4964098 2.6033484 2.9069359 2.6203840 2.6292149 2.7819143 2.5753641 1.9300281 2.2862258 3.0765599 3.1898089 3.0601348 2.9069005 2.4479449 3.2154619 2.1094117 2.1631741 1.9080072 2.6832708 2.0687731 2.1615584 2.1214126 2.4133823 2.3586126 2.9074971 2.7411831 2.0723769 2.7798967 2.5042650 2.9129865 2.7986580 3.1684188 2.5315222 2.8736279 2.6567890 2.4449009 2.9284086 3.1617473 3.4408467 2.7288016 2.7942925 2.9522924 3.2459096 2.4716271 2.6146193 2.5495632 2.9346402 3.2136925 3.2477745 3.3256760 3.0135970 2.4642245 2.2749231 2.8499352 2.7741571 2.1199128 2.6011189 2.8299019 2.7239265 2.5473417 2.9946164 2.6844495 2.5042686 2.7137845 2.7541181 3.6230993 2.0116656 2.2633305 1.8888080 1.5920891 2.2106315 2.8866416 2.5065795 2.7230523 2.8922507 2.4693744 2.6126192 3.7255198 2.7560931 2.4374415 2.5685624 4.5217678 3.9423374 2.0179814 4.1280623 3.1269860 2.7432379 3.4398142 4.6840940 2.2005110 1.8667540 1.6618211 4.4185348 3.3589868 2.5320159 3.5014181 3.0464846 1.7743893 2.1559124 1.9961390 2.0415257 1.6703746 2.5126161 2.6167504 2.5412719 
ABC40436.1_phage        2.6138221 2.7536614 2.7087804 0.0000000 4.5879044 2.1733606 4.5879044 2.1255002 4.4801810 3.2797856 3.4878539 3.3632103 2.9613384 3.3026020 2.8932110 3.1550104 1.8508634 2.0355919 2.4838066 2.2079724 2.5306415 1.9665254 1.8508634 2.1258209 2.7297747 3.2838469 2.7297747 2.4853289 1.7065389 2.8284939 2.0414199 3.4912967 1.9091697 3.3501664 3.2650154 3.4540802 3.3458831 1.6771510 3.4540802 2.6555493 2.0178813 3.2668309 1.9316376 3.5699955 3.0328928 3.1697459 1.8862280 2.1337634 2.6441090 3.4487983 3.5073155 3.4487983 2.3055689 1.6958624 3.4522045 1.6106596 2.0461745 2.6441090 2.4753518 2.0387209 2.9242882 2.9613384 3.2797856 2.1255002 1.8940323 0.0000010 2.8284939 3.4878539 2.2744877 1.6784563 3.3458831 2.6065024 2.1585712 0.0000010 2.6549506 3.1697459 1.9198397 3.3085168 1.9198397 3.1422989 3.2231649 3.2515874 3.1684825 3.2515874 3.1684825 3.3187515 3.3797312 3.3501664 2.5894607 3.2737108 1.9514089 2.2219853 2.4521290 2.0381128 1.9514089 2.2219853 2.1042033 2.6555493 1.9837942 1.8862280 2.1337634 1.8318096 1.9744294 2.1544771 2.1544771 2.5894607 0.0727777 2.6549506 3.2838469 5.0986437 5.0986437 5.2117318 2.1906999 3.2126823 2.8735514 2.2671415 2.6949871 3.2930150 2.3409240 3.1956379 3.1413265 2.5687966 2.5955978 2.3740505 2.6400753 2.9793466 2.8824886 2.8836453 2.5798501 2.6348988 2.0732225 2.0788110 1.9717025 2.9451570 1.9092215 1.9618888 1.7686744 1.8907894 1.8986007 2.7090494 2.4989084 1.8922708 2.5617660 2.4718655 3.0882985 3.1969189 2.7202200 2.4180842 3.3979609 2.5083543 2.2614962 2.5879602 2.9659032 2.7998603 3.1164425 3.2129056 2.9580095 2.9524764 2.5592060 3.0855570 2.9312416 3.2956037 3.1623744 3.5863629 2.9913126 3.1422463 2.1756061 1.8732582 2.6960036 2.7181033 2.3661356 2.5535074 3.5602473 2.5892840 2.5131806 3.3926761 2.7263887 2.3625158 2.6605021 2.7437070 2.8931969 1.9111838 2.7169761 2.3185942 2.3931456 1.5637855 2.4939418 2.4536086 3.7387853 2.7391742 2.8182413 2.3546105 3.5736919 2.8992721 2.1281716 2.7480671 4.1663460 5.5134841 2.1289957 5.6681652 3.0513342 2.5133142 5.2663149 4.5134586 1.7643934 1.5144643 2.2505386 4.1326195 4.2957692 2.4740495 2.9463386 2.9886760 1.6268971 1.8950247 2.0795373 2.3080227 2.3832771 2.4700639 3.6844141 2.2011845 
AGE60961.1_phage        2.6287460 3.4085151 3.3477085 4.5879044 0.0000000 3.8154896 0.0000010 3.8333506 0.0142078 3.1569795 3.1322764 3.0105841 3.6351324 3.3856225 3.5997417 3.3503411 3.6678658 2.8661610 3.5289356 3.7647367 3.8305019 3.6611165 3.6678658 3.0694902 3.4825053 3.1367548 3.4825053 3.8285557 4.1993660 3.3942026 3.0579630 3.1519768 4.1827734 3.1367548 3.0904159 3.1689182 3.1569795 3.8568619 3.1689182 3.9686180 3.2790221 2.8067670 3.2825287 3.1274124 3.7280980 2.8182902 3.6359607 2.9705853 3.0637959 3.1796297 3.1008186 3.1796297 3.5149355 3.7901630 3.1996841 4.1284887 3.9555422 3.0637959 3.5092237 3.4572842 3.5298605 3.6351324 3.1569795 3.8333506 3.1446886 4.5879044 3.3942026 3.1322764 3.7753102 3.8024427 3.1569795 3.5832216 3.4568531 4.4870733 3.0390290 2.8182902 3.2086414 3.8174343 3.2086414 3.1119558 3.0644205 3.7668585 3.9063439 3.7668585 3.9063439 3.7424056 3.5377293 3.1367548 3.8570665 3.1367548 3.7153163 3.0679060 3.5092237 3.3778747 3.7153163 3.0679060 3.8252878 3.9686180 3.2790221 3.6359607 2.9705853 4.0908645 3.0765951 3.0444500 3.0444500 3.8570665 4.3491333 3.0390290 3.1367548 1.3555860 1.3555860 1.3325397 3.4132497 3.3924230 3.5160437 3.6937338 3.4614886 4.2985530 4.1987135 3.7823371 3.4678652 3.5285004 3.7971731 3.3435262 3.7975612 3.9320599 3.8264996 3.7966094 3.7215369 3.6305636 3.6652213 3.6319145 3.6071752 3.1879027 3.6120011 3.8934147 3.8523792 3.5504970 4.0098502 3.8313903 4.3512920 3.4455536 3.5368637 3.5431813 3.5573810 2.9857780 3.0947227 3.9732364 3.4423114 3.2682192 3.7932066 3.1609747 4.1026730 3.3061733 3.6757573 4.0477827 3.6632133 3.8722800 3.6810605 3.2415944 3.8951550 4.1941803 3.0992459 3.1292779 3.5418657 3.5824546 3.6752179 3.8190147 4.1529678 3.5378213 3.2898223 3.4510706 3.9764580 3.4191837 3.4010088 3.6420109 3.5585756 3.6950336 3.7672389 3.6792186 3.2908501 3.6380195 3.0387674 3.5352978 3.5928046 3.1550919 3.8401925 3.2170243 3.9887722 3.8767181 3.2899104 3.8563210 3.7903733 3.6206198 3.5952970 3.2592339 4.0809523 4.4783711 2.5042984 4.8308496 3.1614120 3.6693639 3.2206411 4.8451545 3.4454788 3.5878442 3.4814630 4.4326908 4.8622147 3.4233958 3.6778363 2.9542849 3.5349093 3.5738496 3.1407581 4.1892362 3.2271433 3.3580728 3.2309569 4.0576399 
AEO93340.1_phage        2.3601838 2.5808165 3.1840055 2.1733606 3.8154896 0.0000000 3.8154896 2.0408352 3.7880170 3.4107206 3.4411127 4.0640870 2.8118103 3.1534036 2.8195865 3.1494326 2.6498402 2.1258593 2.3559162 2.3361006 2.9455044 2.0536503 2.6498402 1.9371761 2.7604117 3.4314207 2.7604117 2.5210312 2.3287127 2.6956892 1.8665955 3.4411127 2.3319416 3.5195245 3.6460371 3.6463256 3.4982026 2.4474982 3.6463256 2.9406395 1.9385453 2.6907776 2.5264169 3.0345584 3.6726540 2.6615454 2.6258055 2.1728173 2.7434968 3.4411127 3.3689145 3.4411127 2.1347464 2.1699407 3.4411127 2.1382736 2.0407634 2.7434968 2.8488306 1.9145387 2.7962595 2.8118103 3.4107206 2.0408352 2.4581670 2.1733606 2.6956892 3.4411127 2.2050079 2.2762022 3.4982026 3.1786895 2.0149545 2.2066722 2.7177885 2.6615454 2.5070686 3.0955763 2.5070686 3.6287605 3.6566259 3.3420013 2.4061252 3.3420013 2.4061252 3.3538419 2.4427517 3.5195245 3.4081635 3.4163447 2.3234097 1.9808153 2.8025138 1.8982093 2.3234097 1.9808153 2.0455194 2.9406395 1.9679385 2.6258055 2.1728173 2.3920456 1.9227631 2.7072073 2.7072073 3.4081635 2.2617275 2.7177885 3.4314207 3.6323200 3.6323200 3.6323200 2.4468414 2.7004774 2.9357954 2.5270478 2.4895032 2.7405986 2.5700671 2.2662762 2.5821963 2.1778174 2.4857002 2.3375385 2.3667828 2.2438743 2.4556997 2.2562174 2.2665437 2.2620779 2.2178315 2.1891487 2.3035639 2.4604964 2.2711449 2.8043425 2.9859226 2.9264750 2.2924829 2.4958361 2.6877739 2.3998773 2.1676901 2.1596470 3.1000835 2.4930129 2.4666108 2.4341273 2.8828587 2.6141115 2.4700946 2.5009557 2.4400053 2.6576841 2.7554872 2.6899771 2.2776831 2.4552136 2.3515634 2.6022794 3.5167277 2.8905306 2.6427369 2.7457293 3.1247265 2.6418285 2.4403437 2.5217975 2.3252317 2.1945035 2.3113125 2.2946745 3.2722494 2.2357236 2.8302548 2.6696126 2.7511665 2.5594249 2.4426859 2.2540345 2.4413374 2.3405941 2.5116335 2.3476738 2.1626304 1.9355813 2.1602897 2.2468824 3.4123015 2.2212922 1.9959239 2.5486749 2.9315903 2.6614900 2.3321891 2.4302008 4.2326542 4.0965344 2.1776301 3.5015220 2.3997012 2.3163678 3.9007955 4.2801554 2.0161185 2.1240375 1.9498875 3.7358203 3.2981035 2.2571974 2.0726427 2.3617997 2.1843688 2.0761671 2.4132266 2.0529848 2.0012926 2.2904217 2.6597029 2.3401505 
AGE60807.1_phage        2.6287460 3.4085151 3.3477085 4.5879044 0.0000010 3.8154896 0.0000000 3.8333506 0.0142078 3.1569795 3.1322764 3.0105841 3.6351324 3.3856225 3.5997417 3.3503411 3.6678658 2.8661610 3.5289356 3.7647367 3.8305019 3.6611165 3.6678658 3.0694902 3.4825053 3.1367548 3.4825053 3.8285557 4.1993660 3.3942026 3.0579630 3.1519768 4.1827734 3.1367548 3.0904159 3.1689182 3.1569795 3.8568619 3.1689182 3.9686180 3.2790221 2.8067670 3.2825287 3.1274124 3.7280980 2.8182902 3.6359607 2.9705853 3.0637959 3.1796297 3.1008186 3.1796297 3.5149355 3.7901630 3.1996841 4.1284887 3.9555422 3.0637959 3.5092237 3.4572842 3.5298605 3.6351324 3.1569795 3.8333506 3.1446886 4.5879044 3.3942026 3.1322764 3.7753102 3.8024427 3.1569795 3.5832216 3.4568531 4.4870733 3.0390290 2.8182902 3.2086414 3.8174343 3.2086414 3.1119558 3.0644205 3.7668585 3.9063439 3.7668585 3.9063439 3.7424056 3.5377293 3.1367548 3.8570665 3.1367548 3.7153163 3.0679060 3.5092237 3.3778747 3.7153163 3.0679060 3.8252878 3.9686180 3.2790221 3.6359607 2.9705853 4.0908645 3.0765951 3.0444500 3.0444500 3.8570665 4.3491333 3.0390290 3.1367548 1.3555860 1.3555860 1.3325397 3.4132497 3.3924230 3.5160437 3.6937338 3.4614886 4.2985530 4.1987135 3.7823371 3.4678652 3.5285004 3.7971731 3.3435262 3.7975612 3.9320599 3.8264996 3.7966094 3.7215369 3.6305636 3.6652213 3.6319145 3.6071752 3.1879027 3.6120011 3.8934147 3.8523792 3.5504970 4.0098502 3.8313903 4.3512920 3.4455536 3.5368637 3.5431813 3.5573810 2.9857780 3.0947227 3.9732364 3.4423114 3.2682192 3.7932066 3.1609747 4.1026730 3.3061733 3.6757573 4.0477827 3.6632133 3.8722800 3.6810605 3.2415944 3.8951550 4.1941803 3.0992459 3.1292779 3.5418657 3.5824546 3.6752179 3.8190147 4.1529678 3.5378213 3.2898223 3.4510706 3.9764580 3.4191837 3.4010088 3.6420109 3.5585756 3.6950336 3.7672389 3.6792186 3.2908501 3.6380195 3.0387674 3.5352978 3.5928046 3.1550919 3.8401925 3.2170243 3.9887722 3.8767181 3.2899104 3.8563210 3.7903733 3.6206198 3.5952970 3.2592339 4.0809523 4.4783711 2.5042984 4.8308496 3.1614120 3.6693639 3.2206411 4.8451545 3.4454788 3.5878442 3.4814630 4.4326908 4.8622147 3.4233958 3.6778363 2.9542849 3.5349093 3.5738496 3.1407581 4.1892362 3.2271433 3.3580728 3.2309569 4.0576399 
ALO79609.1_phage        2.3734080 2.4935698 2.3384089 2.1255002 3.8333506 2.0408352 3.8333506 0.0000000 3.8345683 2.5811102 2.6539419 2.9310035 2.1706843 1.9468116 2.1404995 1.9390985 1.4863579 1.3539606 2.1981702 1.7961962 2.3014297 0.1803237 1.4863579 1.2988270 2.4080921 2.5831279 2.4080921 2.3220169 1.9101600 2.1428011 2.0685529 2.6438273 2.0175774 2.6325491 2.5166884 2.5767299 2.6304029 1.6995748 2.5767299 2.3277281 0.3269828 2.5816885 1.4220676 2.5536160 2.6744891 2.5090325 1.4844656 1.3381062 1.9732588 2.6249958 2.5535470 2.6249958 1.7062295 1.2709587 2.6149706 1.6777232 0.0237342 1.9732588 2.4081373 0.3263535 2.1970872 2.1706843 2.5811102 0.0000010 1.3770391 2.1255002 2.1428011 2.6539419 1.7768705 1.3411204 2.6304029 2.2401555 0.1917347 2.1527147 1.9820540 2.5090325 1.3779703 2.1038754 1.3779703 2.4488744 2.5227672 2.9311023 2.4174176 2.9311023 2.4174176 2.9546879 2.1622122 2.6325491 2.3665998 2.5627338 1.4699167 1.4186339 2.3765812 0.3358948 1.4699167 1.4186339 0.0116892 2.3277281 0.3351412 1.4844656 1.3381062 1.5422020 1.4471148 2.1023297 2.1023297 2.3665998 2.2668824 1.9820540 2.5831279 3.3285670 3.3285670 3.4561840 2.4312851 2.3553703 2.3653835 2.0575551 2.1957571 2.2439334 2.0907143 2.2352704 2.4489824 1.9176795 2.2746655 2.6384877 2.0954067 2.0606585 2.0320420 2.2089960 2.0243180 2.2582914 2.0213976 2.2366142 2.0897478 2.4011033 2.3752945 2.1679131 2.1207188 2.2082148 2.0541449 2.1078945 1.9986749 2.0594176 1.9574289 1.8923260 2.5669872 2.4519707 2.3767391 1.9308827 2.3453664 2.3536924 2.0691620 2.3506392 2.4529418 2.3383098 2.2255578 2.2622309 2.2765193 2.2981654 2.0088447 2.2292312 3.2243613 2.5802011 2.4612347 2.7502259 2.6301117 2.2882732 1.9250421 2.2075634 1.9233248 2.0014634 1.9617536 1.7976808 3.2828645 2.0091379 2.0355152 2.3442769 2.3797860 2.0368717 1.8554756 1.9854996 2.6949696 1.6179888 2.0448337 2.1124105 1.5613562 1.6016692 2.0709557 1.7647742 2.8155527 2.0299836 2.0322831 2.1482810 2.7705193 2.4028760 1.9624183 2.1415991 4.0542113 4.2253585 1.8788911 3.6819314 2.7425430 1.8783964 4.0615792 3.8490266 1.7298190 1.6002305 1.5803187 3.9546568 3.2298622 1.8760450 2.6404369 2.6534911 1.5086423 1.8711829 1.9557776 1.5981623 1.5324635 1.7805166 2.7828789 2.0519581 
AGY46846.1_phage        2.5817345 3.4167123 3.3004580 4.4801810 0.0142078 3.7880170 0.0142078 3.8345683 0.0000000 3.1633228 3.1386035 3.0298004 3.5527867 3.4181354 3.5184017 3.4189787 3.6210205 2.8053399 3.4493694 3.6939175 3.7424494 3.6626938 3.6210205 3.0212468 3.4247260 3.1430730 3.4247260 3.7747783 4.1705311 3.3742107 3.0651004 3.1583173 4.1090450 3.1430730 3.0966744 3.0994860 3.1633228 3.8286528 3.0994860 3.8779117 3.2696700 2.7958618 3.2892375 3.1094479 3.7522192 2.8073496 3.6012478 2.9892994 3.0833870 3.1860390 3.1071259 3.1860390 3.5219612 3.7974997 3.2061066 4.1018359 3.9564895 3.0833870 3.4298455 3.4471681 3.4502737 3.5527867 3.1633228 3.8345683 3.1512054 4.4801810 3.3742107 3.1386035 3.7525020 3.8286551 3.1633228 3.5032464 3.4468115 4.3814686 3.0585612 2.8073496 3.2152107 3.7939931 3.2152107 3.1182027 3.0706340 3.7440275 3.8806171 3.7440275 3.8806171 3.7202135 3.5150525 3.1430730 3.8829279 3.1430730 3.6926043 3.0203698 3.4298455 3.3681676 3.6926043 3.0203698 3.8265250 3.8779117 3.2696700 3.6012478 2.9892994 4.0646702 3.0278895 3.0253652 3.0253652 3.8829279 4.2487233 3.0585612 3.1430730 1.3515944 1.3515944 1.3285776 3.3932658 3.3369445 3.4837066 3.6908509 3.3845149 4.3082877 4.1966214 3.7402631 3.4464312 3.5252951 3.7121230 3.3231540 3.8032066 3.9508114 3.8579649 3.8272989 3.6866297 3.6464954 3.6318323 3.6107560 3.5863714 3.2092837 3.5327095 3.8041102 3.7671491 3.4719208 3.9187871 3.8500622 4.3495634 3.4682218 3.5526373 3.5472071 3.5218543 3.0241482 3.0647405 3.9707930 3.3864617 3.2542140 3.7904892 3.1308240 4.1102213 3.3199698 3.6918065 4.0667879 3.6796241 3.8909774 3.6468480 3.2544882 3.8298832 4.1221120 3.1401021 3.1701412 3.4852065 3.5417813 3.6648574 3.7539845 4.1742158 3.5536245 3.2596828 3.5069829 3.9239001 3.3853884 3.3508541 3.5821834 3.5263145 3.6921848 3.7977526 3.6963062 3.4045846 3.5790312 2.9598652 3.4580678 3.5028626 3.1379454 3.8301711 3.2301919 3.8973193 3.8663173 3.3408146 3.8462301 3.7605131 3.5986763 3.5922167 3.2721296 3.8424699 4.6684103 2.4699756 4.9871003 3.3131998 3.6478350 3.1865336 4.8331912 3.4256193 3.5538512 3.3019295 4.2620432 4.7333557 3.4200747 3.6013280 3.0951819 3.5138513 3.5581237 3.1236501 4.0481812 3.0600748 3.3546496 3.1787251 4.0553490 
AMW62487.1_phage        2.6479331 2.8530782 2.8060882 3.2797856 3.1569795 3.4107206 3.1569795 2.5811102 3.1633228 0.0000000 0.0750655 0.3091127 1.0477457 3.0695367 1.0711164 3.0965955 2.3810026 2.4345071 2.2644340 2.5749966 2.1514470 2.3596295 2.3810026 2.1454213 1.9839463 0.0057961 1.9839463 2.5993672 2.8976788 2.0795365 2.9103363 0.0815390 3.1363937 0.0116498 0.2416350 0.1674945 0.0058105 2.4671789 0.1674945 2.2136171 2.4842379 3.2050750 2.2529663 2.4602938 2.4045735 3.0704465 2.3520974 2.2801765 1.4140458 0.0816731 0.0934825 0.0816731 2.3571874 2.3610771 0.0881942 2.1694658 2.6600147 1.4140458 2.0014410 2.4124181 1.0593990 1.0477457 0.0000010 2.5811102 2.2074789 3.2797856 2.0795365 0.0750655 2.4559588 2.4156036 0.0058105 2.2136532 2.7967700 3.2137098 1.4134649 3.0704465 2.2583355 3.1925807 2.2583355 0.2461692 0.2503808 2.5942203 2.3536209 2.5942203 2.3536209 2.4818277 2.3102035 0.0116498 1.9230967 0.0116089 2.1470457 2.1779695 1.9758265 2.4453413 2.1470457 2.1779695 2.5917177 2.2136171 2.5163506 2.3520974 2.2801765 2.3989430 2.1240972 1.8402733 1.8402733 1.9230967 3.2940471 1.4134649 0.0057961 3.7578042 3.7578042 3.8087300 3.0002529 3.2567895 2.7864420 2.5913660 2.9648982 3.2416340 2.5560437 3.0304302 2.9699997 2.1530515 3.1300388 3.1597002 2.6724992 2.5992940 2.5888468 2.5181883 2.5562506 3.0714813 2.9781517 3.3163488 2.4958343 2.7664166 2.6865568 3.1602452 3.2423489 3.2200637 3.0856853 2.5426585 2.3786554 2.3559821 2.4622044 2.7849386 3.1066153 3.2194647 2.4366845 2.5573238 3.3122909 3.1950234 2.5138087 3.0237871 2.4471781 2.5317392 2.7099184 2.5659158 2.4523805 2.6642339 2.4388779 2.9485371 3.2770575 3.2792366 3.1957435 3.4558772 3.0570747 3.3242702 2.5141052 3.0859515 2.4971682 2.5051266 2.7481168 2.3851478 3.6933056 2.5185134 3.0055442 3.1835421 2.9618493 2.5868061 2.4827903 2.5572498 3.0613111 2.2723842 2.6199044 2.2689951 2.5645558 2.1176565 2.5296292 2.4286241 4.1408848 2.5450890 2.4192981 2.4217587 3.4070120 2.7246501 2.5204437 2.8160526 4.1263087 3.4390810 2.5928142 3.6972319 3.0621009 2.9134168 3.3119025 4.8137092 2.2408106 2.3351993 2.6005293 3.5644716 2.9878912 2.4344437 2.6183108 3.0838603 2.3605885 2.2008043 2.5631561 2.6696253 2.8554976 2.3599887 3.2132847 2.6811690 
ASR79140.1_phage        2.8185678 2.9665088 3.0917115 3.4878539 3.1322764 3.4411127 3.1322764 2.6539419 3.1386035 0.0750655 0.0000000 0.3049946 1.0304024 3.1261102 1.0535731 3.1625632 2.3946492 2.4369414 2.2855093 2.5709614 2.3090828 2.4237555 2.3946492 2.1695484 2.1338368 0.0685674 2.1338368 2.4792798 2.8994371 2.1828426 3.0044273 0.0058282 3.1357145 0.0620886 0.2458469 0.1538419 0.0685381 2.3942774 0.1538419 2.3424119 2.4860926 3.1908102 2.2179641 2.4077181 2.3572851 3.1109892 2.3655657 2.2816275 1.4106375 0.0058362 0.0295201 0.0058362 2.3886817 2.4003345 0.0117082 2.1820574 2.7361104 1.4106375 2.1535626 2.4402076 1.0419806 1.0304024 0.0750655 2.6539419 2.1729100 3.4878539 2.1828426 0.0000010 2.4636999 2.4319851 0.0685381 2.3301619 2.8909612 3.4177030 1.4100430 3.1109892 2.2235765 3.2306835 2.2235765 0.2553663 0.2545754 2.5250223 2.3291013 2.5250223 2.3291013 2.4664370 2.3699456 0.0620886 2.0511678 0.0622502 2.1048728 2.1607894 2.1261456 2.4737098 2.1048728 2.1607894 2.6649751 2.3424119 2.5184006 2.3655657 2.2816275 2.3548834 2.1480721 1.9288046 1.9288046 2.0511678 3.5086893 1.4100430 0.0685674 3.7853842 3.7853842 3.8381185 2.9902458 3.3283053 2.7644144 2.6011559 2.9906664 3.3706317 2.5672576 3.1780337 3.2298918 2.1452615 3.1358144 3.3168815 2.7339004 2.6057791 2.6180175 2.4946207 2.5757562 3.0729763 3.0483250 3.3991779 2.6177880 2.8445072 2.7155448 3.1509553 3.2300539 3.2200365 3.0338001 2.6660293 2.4406342 2.3851970 2.4904982 2.6815668 3.1286291 3.2638052 2.3609189 2.5619773 3.2895053 3.0876406 2.5055339 2.9977094 2.4887751 2.6669647 2.7769450 2.6200661 2.4091598 2.6422781 2.4565076 3.0297975 3.3372001 3.1861605 3.2849404 3.4414665 3.2108589 3.3036710 2.5310040 3.0335947 2.5060950 2.4878826 2.7790864 2.3977615 3.7147568 2.5306297 2.9217843 3.3862388 2.9546111 2.5966137 2.4827851 2.5377395 3.0962722 2.2505328 2.7401305 2.3876757 2.5588946 2.1926475 2.6250116 2.4932613 4.0638036 2.5267988 2.4114859 2.4132976 3.5493981 2.7744416 2.5374852 2.8431347 4.3155671 3.4469023 2.6231672 3.5900944 3.0741107 2.9852897 3.3761235 4.5976042 2.2272504 2.3326031 2.5915890 3.4676733 3.1219870 2.4552672 2.5425579 3.2075968 2.3926764 2.1872444 2.5576532 2.7416905 2.8472818 2.3797714 3.2667490 2.7002793 
ADH03291.1_phage        2.7011980 2.8260225 3.1318080 3.3632103 3.0105841 4.0640870 3.0105841 2.9310035 3.0298004 0.3091127 0.3049946 0.0000000 1.2956464 2.8587952 1.3238010 2.8871399 2.5984495 2.5479191 2.3615713 2.7463803 2.4454557 2.7072532 2.5984495 2.3873642 2.0950331 0.3005772 2.0950331 2.7848970 3.0020772 2.2366955 3.1684507 0.3132462 3.1312399 0.2918963 0.2523930 0.2812431 0.3003576 2.5097435 0.2812431 2.6071016 2.6560102 3.4071796 2.5505361 2.5133556 2.3230043 3.3395365 2.5828018 2.4142853 1.5471950 0.3079196 0.3123937 0.3079196 2.4834996 2.3606558 0.3162425 2.2626791 3.0216493 1.5471950 2.4108077 2.5507642 1.3094173 1.2956464 0.3091127 2.9310035 2.5438222 3.3632103 2.2366955 0.3049946 2.4140512 2.4479180 0.3003576 2.5811100 3.1126329 3.2958494 1.5470334 3.3395365 2.4814979 3.2415092 2.4814979 0.2587314 0.2611132 2.5179592 2.5502425 2.5179592 2.5502425 2.3368663 2.4001041 0.2918963 1.9262064 0.2929364 2.1965219 2.3799232 2.3802816 2.5799909 2.1965219 2.3799232 2.9418063 2.6071016 2.6910601 2.5828018 2.4142853 2.4928118 2.3097016 1.9161232 1.9161232 1.9262064 3.2159688 1.5470334 0.3005772 3.6716459 3.6716459 3.7173334 2.9476975 3.0809153 2.6850536 2.8537711 3.1419707 3.4569355 2.7229441 3.5583121 2.9849005 2.5437253 3.3632936 3.2379904 2.9455819 2.8639384 3.0128837 2.6083781 2.6114304 3.1817296 3.0304281 3.3160510 2.5634715 2.6892690 2.8213665 3.0810955 3.3876014 3.0887818 2.9638805 2.7338075 2.5411959 2.5738764 2.5755623 3.0607515 3.1051974 3.0910026 2.4374706 2.8082540 3.0897128 3.0252186 2.7500713 3.1078578 2.7575558 2.8473977 2.9074662 2.7529018 2.5218706 2.8695864 2.5244496 2.7923095 3.4763730 3.0952910 3.0458166 3.3316799 2.8993989 3.1671443 2.7119706 2.9968590 2.5800164 2.6027278 3.1224674 2.8903136 3.7312836 2.4821518 3.0925334 2.8209006 2.9697469 2.8500250 2.6094792 2.6932236 3.3897386 2.3378053 2.6961817 2.6197839 2.4409428 2.1045951 2.8784659 2.5989145 3.9904368 2.6020823 2.5408892 2.5873035 3.4759228 2.7268728 2.7713378 2.8017727 3.8864233 3.7525352 2.8039376 3.8243983 3.2348872 2.7677877 3.4004065 4.7262470 2.3862914 2.4375698 2.2903056 3.4681039 3.2953201 2.8211222 3.2070853 3.2489420 2.5508299 2.2266814 2.8269092 2.6508737 2.4309712 2.7540559 3.3303681 2.9391069 
AMW61966.1_phage        2.5441956 2.2536430 2.7175833 2.9613384 3.6351324 2.8118103 3.6351324 2.1706843 3.5527867 1.0477457 1.0304024 1.2956464 0.0000000 2.3359890 0.0119439 2.3734153 2.1861005 2.0366855 2.0219056 2.3556164 2.3570233 2.1489024 2.1861005 2.2721562 2.2557734 1.0353738 2.2557734 2.6826244 2.8426878 2.2404042 2.8032786 1.0258709 2.8673770 1.0417055 1.1050251 1.1736340 1.0541266 2.3655603 1.1736340 2.1920581 2.0109246 3.3521188 1.9901797 2.0539797 2.3931279 3.4440623 2.2341539 2.1778668 0.9486750 1.0500601 1.0398269 1.0500601 1.9349292 1.9928503 1.0454531 1.8423689 2.2110472 0.9486750 2.0947157 2.0144031 0.0119522 0.0000010 1.0477457 2.1706843 1.9969352 2.9613384 2.2404042 1.0304024 2.2556730 2.0778499 1.0541266 2.4844738 2.1905977 3.0098236 0.9372709 3.4440623 1.9633541 2.3865954 1.9633541 1.1255728 1.1309805 2.3491332 2.0640441 2.3491332 2.0640441 2.4925513 1.9308873 1.0417055 1.6799690 1.0233939 2.1376781 2.2192777 2.0684251 1.9732961 2.1376781 2.2192777 2.1556891 2.1920581 2.0364473 2.2341539 2.1778668 2.2569146 2.1640153 1.6963106 1.6963106 1.6799690 3.0641859 0.9372709 1.0353738 3.7313605 3.7313605 3.8997682 2.9721911 2.6682840 2.5422324 2.5689338 3.4377864 2.8200623 2.5025765 2.2736559 2.8841966 2.2330293 2.9122250 3.0427700 2.4131075 2.3520405 2.3854323 2.4997809 2.5298644 2.5364919 2.6937546 2.6660581 2.2602118 2.8189943 2.3400055 2.9212551 2.9042149 2.7979502 2.6722369 2.5701391 2.3473181 2.2779237 2.4218773 2.5212678 2.9923916 2.6568710 2.1925427 2.4346270 2.8712828 2.8660487 2.5322766 2.6189238 2.5025152 2.6155514 2.4308911 2.2639739 2.5681079 2.4949837 2.4867617 3.0622430 2.7532248 2.9489094 3.1527085 3.2003517 2.8839490 2.8463230 2.4488843 2.8563875 2.4292581 2.4339300 2.2273179 2.3953990 3.4622646 2.0705177 2.5962818 2.6673226 2.4863253 2.5536159 2.4815083 2.5192544 2.8540176 2.0351849 2.5544151 2.1237840 2.1159298 2.2172149 2.4913361 2.3818566 3.5838042 2.1702220 2.6477473 2.4902857 3.0780852 2.7419760 2.4502116 2.8660162 3.9364577 3.2569219 2.2885704 3.8426760 2.4829754 2.8343194 3.3479751 4.5112465 2.4179447 2.1121411 2.3791057 4.3217927 3.4989998 2.3591992 2.9181083 2.5389461 2.3003217 2.3834482 2.2774803 2.2772822 2.4959937 2.2682735 2.9606627 2.6752180 
QDP43184.1_phage        2.4713850 2.6668643 2.6879500 3.3026020 3.3856225 3.1534036 3.3856225 1.9468116 3.4181354 3.0695367 3.1261102 2.8587952 2.3359890 0.0000000 2.3558903 0.0733546 1.6588368 2.4162831 2.4574373 2.0943888 2.8254959 1.9165584 1.6588368 1.9335450 2.4484539 3.0729207 2.4484539 3.8461693 2.6849502 2.4150743 2.7957548 3.0880143 2.9289799 3.0735071 2.8839307 3.0445567 3.0701172 1.9165718 3.0445567 2.6875965 1.8166647 3.1352572 1.8644750 2.8823370 2.8635913 3.3166065 1.6838182 2.3256431 2.3917084 3.1331298 3.0404679 3.1331298 2.2515768 1.5814680 3.0948837 2.4579377 1.9859952 2.3917084 2.4962591 1.8726544 2.3733944 2.3359890 3.0695367 1.9468116 1.8545788 3.3026020 2.4150743 3.1261102 2.1284436 1.9654365 3.0701172 2.7759120 1.8148748 3.3633273 2.4022941 3.3166065 1.8567155 1.0859413 1.8567155 2.9342748 2.9654177 2.7489016 2.9726459 2.7489016 2.9726459 2.7235161 2.6879267 3.0735071 2.4935301 3.0764765 1.9551712 2.0916371 2.4623581 1.8443650 1.9551712 2.0916371 1.9359990 2.6875965 1.8404299 1.6838182 2.3256431 1.7776638 1.9079506 2.4715621 2.4715621 2.4935301 3.4392722 2.4022941 3.0729207 3.2786173 3.2786173 3.3353400 3.0313701 2.9005979 3.0489491 2.9742984 2.7034703 2.7415226 3.0378254 2.6421435 2.4228363 2.4934698 3.2585812 3.4288048 2.6793804 2.6542720 2.7513098 2.6842343 2.7267181 2.7401022 2.8878591 3.2278109 2.4738379 2.4090180 2.6066058 2.8571907 3.0719514 2.8175737 2.5756496 2.6731472 2.7481598 2.3540322 2.8496172 2.6905888 2.7129996 2.9782452 3.0207892 2.8645310 3.0442920 2.7193586 2.8713781 2.8217322 2.8790148 3.5142595 2.6247465 2.5623276 2.7164585 2.9117874 2.5596963 2.6757500 3.3369529 2.8721562 3.4437077 3.9000140 3.0925645 2.7775057 2.7781614 2.8576676 2.8621705 2.7861676 2.3847305 2.5705341 2.9690937 2.4190709 2.7360911 2.9201361 3.0007934 2.9594249 2.5838472 2.9732033 3.5919607 2.1125766 2.3376809 2.9525390 2.2821361 2.1108001 2.4094837 2.6835298 2.9529279 2.6040234 2.6570627 2.7633172 3.3452452 2.3481115 2.7617146 2.6367081 3.3192084 4.2423329 2.2690167 3.4423371 3.1258007 2.4551750 3.5773900 3.4497325 2.1637210 2.3904123 2.1580015 3.9882952 2.8037522 2.5610255 3.7010844 3.0676762 2.3730479 2.2137733 2.6511511 2.3942339 2.3069514 2.4485177 3.5706255 2.9107787 
AZF89309.1_phage        2.5379853 2.2363468 2.7554552 2.8932110 3.5997417 2.8195865 3.5997417 2.1404995 3.5184017 1.0711164 1.0535731 1.3238010 0.0119439 2.3558903 0.0000000 2.3938280 2.1586847 2.0159812 2.0619908 2.3632101 2.3427645 2.1124785 2.1586847 2.2280833 2.2945845 1.0585354 2.2945845 2.6769972 2.8023537 2.2791588 2.8700927 1.0489596 2.8273292 1.0649666 1.1299594 1.1502969 1.0775971 2.3072670 1.1502969 2.2366288 1.9861985 3.4040496 1.9787793 2.0488333 2.3468533 3.4983876 2.2059822 2.1554621 0.9291555 1.0736150 1.0631789 1.0736150 1.9392963 2.0324095 1.0689249 1.8052394 2.1736908 0.9291555 2.1365506 1.9898609 0.0179248 0.0119439 1.0711164 2.1404995 1.9856548 2.8932110 2.2791588 1.0535731 2.3024477 2.0526135 1.0775971 2.5363755 2.1606894 2.9394973 0.9178648 3.4983876 1.9522096 2.3716224 1.9522096 1.1052077 1.1105122 2.3592765 2.0590926 2.3592765 2.0590926 2.5033479 1.9359857 1.0649666 1.6616503 1.0464265 2.1250087 2.1761809 2.1096921 1.9493594 2.1250087 2.1761809 2.1256490 2.2366288 2.0113347 2.2059822 2.1554621 2.2433738 2.1219380 1.6869339 1.6869339 1.6616503 3.0425351 0.9178648 1.0585354 3.7298920 3.7298920 3.8983606 2.9501852 2.7109898 2.4633885 2.5335612 3.4183968 2.8047383 2.4998080 2.2227921 2.9889511 2.2570701 2.9775481 3.0215065 2.3861418 2.2805654 2.3334091 2.4651384 2.4739841 2.4792786 2.7008818 2.6486339 2.3072576 2.8883505 2.3905987 2.9867796 2.8650533 2.7844842 2.6790539 2.6008948 2.3724081 2.2834960 2.3469948 2.4431252 2.9705795 2.6254825 2.2154358 2.3823680 2.9195862 2.8501477 2.4558190 2.5613862 2.5312578 2.5975043 2.3785789 2.2154779 2.4893003 2.5239619 2.4322824 2.9663072 2.6754214 3.0181621 3.1009972 3.1532915 2.8376937 2.8173364 2.3951397 2.9199345 2.4564316 2.3587577 2.2742253 2.3221116 3.5549406 2.0914538 2.6570302 2.7108943 2.4101568 2.5375531 2.5096755 2.4407231 2.8545925 1.9906045 2.5481017 2.1668837 2.0850328 2.1898544 2.5198975 2.3296321 3.5319568 2.1927228 2.6222800 2.5187729 3.1202063 2.7142285 2.3754500 2.8024274 3.8669461 3.3066994 2.2392348 3.8450977 2.4761965 2.8893145 3.2494245 4.5254191 2.3874469 2.0860322 2.3450286 4.3257377 3.4450481 2.2874394 2.9199810 2.5320437 2.2715016 2.3531116 2.3249339 2.2432732 2.4598784 2.1989909 2.9167332 2.6727390 
APZ82618.1_phage        2.5183271 2.6464921 2.7231152 3.1550104 3.3503411 3.1494326 3.3503411 1.9390985 3.4189787 3.0965955 3.1625632 2.8871399 2.3734153 0.0733546 2.3938280 0.0000000 1.7408098 2.3376100 2.4509986 2.0854190 2.7509013 1.8596595 1.7408098 1.8895479 2.4284052 3.1000574 2.4284052 3.8871249 2.7397555 2.4782852 2.8205586 3.1241161 2.9681639 3.1092002 2.9078000 3.0729797 3.1057147 1.9010237 3.0729797 2.5771614 1.8618693 3.0506935 1.8177222 2.9907297 2.7895603 3.2294053 1.7485836 2.2298137 2.3352920 3.1833225 3.1061183 3.1833225 2.2503612 1.6019395 3.1445507 2.5153427 1.9779395 2.3352920 2.4337774 1.8671116 2.4115475 2.3734153 3.0965955 1.9390985 1.8085317 3.1550104 2.4782852 3.1625632 2.1421123 1.9102799 3.1057147 2.6209482 1.8123604 3.2106155 2.3456707 3.2294053 1.8496081 1.1373139 1.8496081 2.9586531 2.9899541 2.7908452 3.1432584 2.7908452 3.1432584 2.7639356 2.8465496 3.1092002 2.4761202 3.1036456 1.8878029 2.0438256 2.4005452 1.8390000 1.8878029 2.0438256 1.9283449 2.5771614 1.8860472 1.7485836 2.2298137 1.7361398 1.8338505 2.5173283 2.5173283 2.4761202 3.3105882 2.3456707 3.1000574 3.4146181 3.4146181 3.4870865 2.9706603 2.7973645 3.0646354 3.0290871 2.6709442 2.8147339 3.0407197 2.5336970 2.4562033 2.4282039 3.1821031 3.4779393 2.7774767 2.6606091 2.8087796 2.8406539 2.7200118 2.8256001 2.8692452 3.1195835 2.5781864 2.4901567 2.6143705 2.9791991 3.0614720 2.9015403 2.6591391 2.7874142 2.8201002 2.3415794 2.9237376 2.7881248 2.6945772 2.8494871 2.9122814 2.9220371 2.9474458 2.7374280 2.9240891 2.7615650 2.9988403 3.6069757 2.6110525 2.5490001 2.8144923 2.9260636 2.6003234 2.7093332 3.5042452 2.9160220 3.3633769 3.7862340 3.0880554 2.7057392 2.8218955 2.9575039 2.9629381 2.8525633 2.4114146 2.5590135 3.1192785 2.4135258 2.7848775 2.7458793 2.9948195 3.0138079 2.6732601 3.0451795 3.4729096 2.0776703 2.3028079 2.9650081 2.3043008 2.0495999 2.3975286 2.7303901 2.9908269 2.6523476 2.6749663 2.6826735 3.3814309 2.5052900 2.8177079 2.6491219 3.2834146 4.3900757 2.2333479 3.5459152 2.9560840 2.4860919 3.8065712 3.4168159 2.1784706 2.3185686 2.1602976 4.1271766 2.8555836 2.5677280 3.7610145 2.8754503 2.3862103 2.2429234 2.6484360 2.5161551 2.3099522 2.4602359 3.5611874 2.9223571 
QEG13663.1_phage        2.1415235 2.6396023 1.7709528 1.8508634 3.6678658 2.6498402 3.6678658 1.4863579 3.6210205 2.3810026 2.3946492 2.5984495 2.1861005 1.6588368 2.1586847 1.7408098 0.0000000 1.3800032 1.5483342 1.5178339 2.0074295 1.3816220 0.0000010 1.4781878 1.8999372 2.3920173 1.8999372 1.9112284 1.4460043 1.8228902 1.9668118 2.4226709 1.6209705 2.3629440 2.3229159 2.4062448 2.3520778 0.5317550 2.4062448 1.9688682 1.3421205 2.5203375 1.0724787 2.4202625 2.2365612 2.6217814 0.0175457 1.4405767 1.9094601 2.4449793 2.4025671 2.4449793 1.4938546 0.8236489 2.4735888 1.0098890 1.5301885 1.9094601 1.8337706 1.3315912 2.1746741 2.1861005 2.3810026 1.4863579 1.0392809 1.8508634 1.8228902 2.3946492 1.4407843 0.8951166 2.3520778 2.1049768 1.4803080 1.8711327 1.9180754 2.6217814 1.0625640 2.0594413 1.0625640 2.3013838 2.3046169 2.1180770 2.1172976 2.1180770 2.1172976 2.3071134 2.2158813 2.3629440 1.9426092 2.4122379 0.5192337 1.4965118 1.8087283 1.3227498 0.5192337 1.4965118 1.4991128 1.9688682 1.3599229 0.0175457 1.4405767 0.4944669 1.3070539 1.7755925 1.7755925 1.9426092 2.0098983 1.9180754 2.3920173 3.6774497 3.6774497 3.7219291 2.8016906 2.1386687 2.5315530 2.1072740 2.4435441 2.5633429 2.2181424 2.3012689 2.6396609 1.8725687 1.8842061 2.2056551 2.1756259 2.2873385 2.2974385 2.4227831 2.2331101 2.2028183 1.5008865 1.7408492 1.6860554 2.2256253 1.7274354 1.8936733 1.8811958 1.8394464 1.8670539 2.3891317 2.0356563 1.7457812 2.1663143 1.9774550 2.7071194 2.2384722 2.3605451 2.0176513 2.1257615 2.3692525 2.1006042 2.3976638 2.2071368 2.5174428 2.1218906 2.2661270 2.3962939 2.3461613 2.1697756 2.2844457 3.2112463 2.4806066 2.1714148 2.2991800 2.2844599 2.2785747 1.9878467 1.9942842 2.2210278 2.1742870 1.5205945 1.9456580 2.6721729 1.9415461 2.5268382 1.9662099 2.6475458 2.1359188 2.1875006 2.1865051 3.2552587 0.9980091 2.0084817 1.7257052 1.4412821 1.2335028 2.3120903 1.9156307 2.4284337 2.0403578 2.0116385 2.1594451 2.3172404 2.3856065 2.0203237 2.2034091 4.2646319 4.0473551 1.4034176 3.6115272 3.1277368 2.1518517 3.4797283 4.1597747 1.1304346 0.9007814 1.4314193 4.7216674 3.3805832 1.9469814 2.1737064 3.1857501 0.8750407 1.1853369 1.4931769 1.5735321 1.4434659 1.9370955 2.4822596 2.0765761 
