220
AGH27928.1_phage        0.0000000 2.1201397 1.4295761 2.6107643 2.6214430 2.3576058 2.6214430 2.3678096 2.5743468 2.6427612 2.8131590 2.6952260 2.5375041 2.4649547 2.5313047 2.5121842 2.1367195 2.0355582 2.1663568 1.6148832 3.4182339 2.2531729 2.1367195 2.2379605 2.1383421 2.6475393 2.1383421 2.2806924 2.0726155 2.1818565 1.9615528 2.8131590 2.1259666 2.6475393 2.2906580 2.8204491 2.6427612 2.0497008 2.8204491 3.3634645 2.1230637 3.3758652 2.3183156 2.2948050 2.6057656 3.3302115 2.1158431 2.1564945 2.6117394 2.8877031 2.8260138 2.8877031 2.1608374 2.0308116 2.8877031 2.2250210 2.3613527 2.6117394 3.0460946 2.1171814 2.5674244 2.5375041 2.6427612 2.3678096 2.2590382 2.6107643 2.1818565 2.8131590 2.4132181 2.0428641 2.6427612 3.3603813 2.1175206 2.6068183 2.6117394 3.3302115 2.3115261 2.3687359 2.3115261 2.2987077 2.2856669 2.8743243 2.1974089 2.8743243 2.1974089 2.7938666 2.2906916 2.6475393 2.5109450 2.6578669 1.9311648 2.1650026 3.0460946 2.0899040 1.9311648 2.1650026 2.3680414 3.3634645 2.1230637 2.1158431 2.1564945 2.0965365 2.0006664 2.1029317 2.1029317 2.5109450 2.6593246 2.6117394 2.6475393 3.1661294 3.1661294 3.1661294 2.5715687 3.1691104 2.7529829 2.5346853 2.6083232 2.6242274 2.3528342 2.9191359 2.8844735 2.5894135 2.1222395 2.2893223 2.5943338 2.6717200 2.4858171 2.8325642 2.2248288 2.8051077 2.2411244 2.3112584 1.8494433 2.4067891 2.0564645 1.9683116 2.1503558 2.3864203 2.0899588 2.6441540 2.4451583 1.9349333 2.3087212 2.4016899 2.6055148 2.6864554 2.7245313 2.4074459 3.4348727 2.3611394 2.5429343 2.5693215 2.9386941 2.7020686 2.5080705 2.5185354 2.6108245 2.7584347 2.2227922 2.2395802 2.2426748 3.2052564 3.2242779 3.3550875 3.1146637 2.7532626 2.5361194 2.1735871 2.4462621 2.3953798 2.3207293 2.3093820 3.0041985 2.2754956 2.5736881 3.2569283 2.8906765 2.6068814 2.6418326 2.3666155 3.2553790 2.1095370 2.3672025 1.8302146 1.5989037 1.8422735 2.2874144 2.3363810 3.0862831 2.3506525 2.7382934 2.3686316 3.7184523 2.7675883 2.5780163 2.0466721 3.4486280 3.9372370 2.0714391 3.8483331 3.3929167 2.4364171 3.0900608 4.1972003 2.0786567 1.9304609 1.5403843 3.7110091 3.2758629 2.2448646 2.3814223 3.2035703 2.0746255 1.9566800 1.9959431 1.9263391 1.5317103 2.2226403 2.8442840 2.4597362 
ADL40362.1_phage        2.1201397 0.0000000 2.2980156 2.7478397 3.3994381 2.5746988 3.3994381 2.4889106 3.4072806 2.8500086 2.9626813 2.8218497 2.2505288 2.6617996 2.2331349 2.6414282 2.6362966 2.3707442 2.2369612 1.9801251 2.3957382 2.4592799 2.6362966 2.2473725 2.4458764 2.8679404 2.4458764 2.4576684 2.7116401 2.3503348 2.2416756 2.9626813 2.7626565 2.8750044 2.5529030 2.8279220 2.8570127 2.5271285 2.8279220 2.7876554 2.3465298 3.2059227 2.2679423 2.4982941 2.7001943 2.9243723 2.6830214 2.3321207 2.0526632 3.0507850 2.9278656 3.0507850 2.2268723 2.5089169 3.0507850 2.3448798 2.4848820 2.0526632 2.4548716 2.2111760 2.1826490 2.2505288 2.8500086 2.4889106 2.3676433 2.7478397 2.3503348 2.9626813 2.6303135 2.3142504 2.8570127 2.6018641 2.3755748 2.8014423 2.0526632 2.9243723 2.3533253 2.0038849 2.3533253 2.5388233 2.5289465 2.7151638 2.4790035 2.7151638 2.4790035 2.7063102 2.4276401 2.8750044 2.3863717 2.8549911 2.5206396 2.3314589 2.4141389 2.2338228 2.5206396 2.3314589 2.4817903 2.7876554 2.3862333 2.6830214 2.3321207 2.6523835 2.2971102 2.0693294 2.0693294 2.3863717 2.6409466 2.0526632 2.8679404 3.8048212 3.8048212 3.8048212 1.9816989 3.1232777 2.8871745 2.5201274 2.9662235 2.3488651 2.5551459 3.4214951 2.1778212 2.7101286 2.3381765 2.3927644 2.5048030 2.1199859 2.0175267 2.5058506 2.3641289 2.2463388 2.0899025 2.0752139 1.8365955 2.6289353 2.0263382 2.6565003 2.5500839 2.6014907 1.9976218 2.8880970 2.6332035 2.1487506 2.5153620 2.4339705 2.6583030 2.9419878 2.7020048 2.5838898 3.3506484 1.9612105 2.4612325 2.8173673 2.4616935 2.9589378 2.1361489 2.1322860 2.4577779 2.2289861 2.4732615 2.8284956 2.5605549 2.7791679 2.9258206 2.9373227 3.2138813 2.6281295 2.6061495 2.4725425 2.7057887 2.5758159 2.2246004 2.5564915 3.3312492 2.5022320 2.6879584 3.0395397 2.8543611 2.5920786 2.5923907 2.5437893 4.3306997 2.1675300 1.7166482 2.2291424 2.1001648 2.1516064 2.7996955 2.7379065 3.2027617 2.6378344 2.3515269 2.6167370 2.7113573 2.2329210 2.5011877 2.8914256 4.3422241 3.8904612 2.0782923 4.0353268 3.6954761 2.9524286 3.7885409 3.6448788 2.4238954 2.2399527 2.1687127 3.9647849 3.4773261 2.5958681 3.3123505 3.4239014 2.3086636 2.3003367 2.2170028 2.0963088 2.1336603 2.6085178 3.4500415 2.6936375 
AAL96802.1_phage        1.4295761 2.2980156 0.0000000 2.7050742 3.3389613 3.1815863 3.3389613 2.3334261 3.2916047 2.7993194 3.0835738 3.1247204 2.7114787 2.6817868 2.7488653 2.7173404 1.7686820 2.2930218 2.6309293 1.6816930 2.5412500 2.1785969 1.7686820 2.0952085 2.3781982 2.8157109 2.3781982 2.4073577 2.3333735 2.1806402 1.9222301 3.0835738 2.3093309 2.8835848 2.8531195 3.0565176 2.8667668 1.7132161 3.0565176 2.8236040 2.4726946 4.1250189 2.1144444 2.9952758 2.8405708 3.7303160 1.6953378 2.2916548 2.5485387 3.0835738 3.1241151 3.0835738 2.1229360 1.7947301 3.0835738 2.2203585 2.3334261 2.5485387 2.4071139 2.4267032 2.7069403 2.7114787 2.7993194 2.3334261 2.1512623 2.7050742 2.1806402 3.0835738 2.2851087 1.9287634 2.8667668 2.6195628 2.2187709 2.7015173 2.5655590 3.7303160 2.1794910 2.5700396 2.1794910 2.8844994 2.8531195 3.1438296 3.2683143 3.1438296 3.2683143 3.0927273 2.8017397 2.8835848 2.7223189 2.8353381 1.9899302 2.1245226 2.3692158 2.4157265 1.9899302 2.1245226 2.3334261 2.8236040 2.5126365 1.6953378 2.2916548 1.9911123 2.1912073 2.2272945 2.2272945 2.7223189 2.7986278 2.5655590 2.8157109 3.6953589 3.6953589 3.6953589 2.9050728 2.7399096 2.9240786 2.4928443 2.6006547 2.9000823 2.6148528 2.6237996 2.7748761 2.5703879 1.9272342 2.2812664 3.0686010 3.1828117 3.0527196 2.9000153 2.4419780 3.2100930 2.1055443 2.1594746 1.9061715 2.6798325 2.0651737 2.1584620 2.1184497 2.4080521 2.3543503 2.9015683 2.7372003 2.0685411 2.7750482 2.4985214 2.9046531 2.7929135 3.1619549 2.5276122 2.8691117 2.6521189 2.4409245 2.9211896 3.1580169 3.4329191 2.7243026 2.7898640 2.9455789 3.2380503 2.4660655 2.6086978 2.5457945 2.9299362 3.2076513 3.2418550 3.3203987 3.0123411 2.4604801 2.2704632 2.8408773 2.7674832 2.1154719 2.5946475 2.8239835 2.7175909 2.5425042 2.9882913 2.6785157 2.5006305 2.7049541 2.7480881 3.6158782 2.0072929 2.2572213 1.8868078 1.5889731 2.2081114 2.8806916 2.5024840 2.7171586 2.8859149 2.4627935 2.6067497 3.7210583 2.7508529 2.4332270 2.5627069 4.5081930 3.9342703 2.0135654 4.1248510 3.1211857 2.7386954 3.4299134 4.6703169 2.1960529 1.8632965 1.6590614 4.4029532 3.3525922 2.5263532 3.4973479 3.0398535 1.7712429 2.1518184 1.9917667 2.0382995 1.6674780 2.5068044 2.6127301 2.5368425 
ABC40436.1_phage        2.6107643 2.7478397 2.7050742 0.0000000 4.5779066 2.1721960 4.5779066 2.1236835 4.4706700 3.2767812 3.4841585 3.3586860 2.9587157 3.2992706 2.8906872 3.1529246 1.8484887 2.0322949 2.4819596 2.2049669 2.5275776 1.9641075 1.8484887 2.1232850 2.7248693 3.2809334 2.7248693 2.4849239 1.7053103 2.8226530 2.0398521 3.4876205 1.9074579 3.3469872 3.2608823 3.4507637 3.3426100 1.6751003 3.4507637 2.6518638 2.0151959 3.2615660 1.9284966 3.5656330 3.0283601 3.1644494 1.8837825 2.1305037 2.6379998 3.4451155 3.5037971 3.4451155 2.3028008 1.6934219 3.4485417 1.6078290 2.0443729 2.6379998 2.4724142 2.0362030 2.9214874 2.9587157 3.2767812 2.1236835 1.8913710 0.0000010 2.8226530 3.4841585 2.2715904 1.6762309 3.3426100 2.6021978 2.1556993 0.0000010 2.6488717 3.1644494 1.9166964 3.3061048 1.9166964 3.1384605 3.2187749 3.2466878 3.1651465 3.2466878 3.1651465 3.3125131 3.3754646 3.3469872 2.5860124 3.2708475 1.9486311 2.2189664 2.4490909 2.0356429 1.9486311 2.2189664 2.1025876 2.6518638 1.9812850 1.8837825 2.1305037 1.8291728 1.9718241 2.1519851 2.1519851 2.5860124 0.0727721 2.6488717 3.2809334 5.0899076 5.0899076 5.2028054 2.1882130 3.2121155 2.8717338 2.2651517 2.6933663 3.2878567 2.3402047 3.1907250 3.1356550 2.5665813 2.5938927 2.3712232 2.6380323 2.9794497 2.8777820 2.8814801 2.5768047 2.6348604 2.0699059 2.0755237 1.9691411 2.9407619 1.9066231 1.9593385 1.7662765 1.8880416 1.8960147 2.7067482 2.4967894 1.8898601 2.5599751 2.4696723 3.0839061 3.1955127 2.7166573 2.4154197 3.3974972 2.5044699 2.2591377 2.5852368 2.9642347 2.7969639 3.1162958 3.2125988 2.9559758 2.9523140 2.5561060 3.0810896 2.9260045 3.2891057 3.1599403 3.5833261 2.9907626 3.1389229 2.1733192 1.8705103 2.6944508 2.7158632 2.3630209 2.5509338 3.5528500 2.5872701 2.5092798 3.3919903 2.7248597 2.3607153 2.6593439 2.7411456 2.8925295 1.9093998 2.7140554 2.3172600 2.3912061 1.5619757 2.4937151 2.4509441 3.7324955 2.7385125 2.8157386 2.3533235 3.5724361 2.8925237 2.1259528 2.7448591 4.1580492 5.5080704 2.1254504 5.6647837 3.0485551 2.5115951 5.2589857 4.5077164 1.7623640 1.5123006 2.2483166 4.1271008 4.2914797 2.4723571 2.9424657 2.9863600 1.6244017 1.8929065 2.0769087 2.3064615 2.3809584 2.4676462 3.6829624 2.1994666 
AGE60961.1_phage        2.6214430 3.3994381 3.3389613 4.5779066 0.0000000 3.8081637 0.0000010 3.8254485 0.0142074 3.1487624 3.1242362 3.0052263 3.6295079 3.3776685 3.5940860 3.3439494 3.6601778 2.8586543 3.5211015 3.7544023 3.8219845 3.6538357 3.6601778 3.0630309 3.4768404 3.1283820 3.4768404 3.8232325 4.1915933 3.3877426 3.0515551 3.1439504 4.1754008 3.1283820 3.0833782 3.1617395 3.1487624 3.8469503 3.1617395 3.9602132 3.2750842 2.8052546 3.2754370 3.1216709 3.7154700 2.8161323 3.6281825 2.9622235 3.0556605 3.1717516 3.0933675 3.1717516 3.5052717 3.7824154 3.1918187 4.1199172 3.9472712 3.0556605 3.5011824 3.4523620 3.5250083 3.6295079 3.1487624 3.8254485 3.1379782 4.5779066 3.3877426 3.1242362 3.7642345 3.7969358 3.1487624 3.5772273 3.4503455 4.4767865 3.0312193 2.8161323 3.2016267 3.8112952 3.2016267 3.1044251 3.0573243 3.7554416 3.9009375 3.7554416 3.9009375 3.7297833 3.5320167 3.1283820 3.8495899 3.1283820 3.7091784 3.0614087 3.5011824 3.3731438 3.7091784 3.0614087 3.8174556 3.9602132 3.2750842 3.6281825 2.9622235 4.0821070 3.0696910 3.0415480 3.0415480 3.8495899 4.3395372 3.0312193 3.1283820 1.3535330 1.3535330 1.3303577 3.4089474 3.3857357 3.5086864 3.6858292 3.4565110 4.2862537 4.1932472 3.7767010 3.4605947 3.5207687 3.7871532 3.3367117 3.7903395 3.9244610 3.8186344 3.7876695 3.7128712 3.6220326 3.6556626 3.6231663 3.5980650 3.1826862 3.6033676 3.8834580 3.8423979 3.5421214 3.9994563 3.8259051 4.3446665 3.4378831 3.5295330 3.5345098 3.5503533 2.9819475 3.0875270 3.9659510 3.4339472 3.2648605 3.7847473 3.1544452 4.0930344 3.3018658 3.6693544 4.0360358 3.6546250 3.8646169 3.6724603 3.2351020 3.8831803 4.1849958 3.0931656 3.1225585 3.5328382 3.5763396 3.6673362 3.8097777 4.1460642 3.5301735 3.2826380 3.4467762 3.9699524 3.4136105 3.3969431 3.6339957 3.5488370 3.6870317 3.7578955 3.6717971 3.2845498 3.6283910 3.0321062 3.5249348 3.5853791 3.1487884 3.8335136 3.2112147 3.9807601 3.8704571 3.2842337 3.8471074 3.7858041 3.6154977 3.5873713 3.2520790 4.0711900 4.4769056 2.4985753 4.8233935 3.1565656 3.6609662 3.2119590 4.8394277 3.4371349 3.5786763 3.4733746 4.4224852 4.8548282 3.4193003 3.6752630 2.9505651 3.5271128 3.5667287 3.1348698 4.1806335 3.2206902 3.3539195 3.2223238 4.0489260 
AEO93340.1_phage        2.3576058 2.5746988 3.1815863 2.1721960 3.8081637 0.0000000 3.8081637 2.0382433 3.7804059 3.4046378 3.4347966 4.0557760 2.8058766 3.1467908 2.8137145 3.1433343 2.6468212 2.1217449 2.3537256 2.3319239 2.9408599 2.0511054 2.6468212 1.9338038 2.7567336 3.4253032 2.7567336 2.5187443 2.3252671 2.6913129 1.8633059 3.4347966 2.3280008 3.5128437 3.6398750 3.6392684 3.4915663 2.4442924 3.6392684 2.9347379 1.9360506 2.6858388 2.5194934 3.0260916 3.6665642 2.6559382 2.6227702 2.1686833 2.7372859 3.4347966 3.3630425 3.4347966 2.1316600 2.1659092 3.4347966 2.1350871 2.0381819 2.7372859 2.8448877 1.9119125 2.7903596 2.8058766 3.4046378 2.0382433 2.4520159 2.1721960 2.6913129 3.4347966 2.2013904 2.2721210 3.4915663 3.1716666 2.0117980 2.2055906 2.7119784 2.6559382 2.5005077 3.0901291 2.5005077 3.6229509 3.6505260 3.3388896 2.3999943 3.3388896 2.3999943 3.3501192 2.4375962 3.5128437 3.3984800 3.4103074 2.3202016 1.9764515 2.7989652 1.8954934 2.3202016 1.9764515 2.0429494 2.9347379 1.9652871 2.6227702 2.1686833 2.3892236 1.9191424 2.7024232 2.7024232 3.3984800 2.2603736 2.7119784 3.4253032 3.6253344 3.6253344 3.6253344 2.4438001 2.6937370 2.9293970 2.5240731 2.4858540 2.7348800 2.5662791 2.2616303 2.5778383 2.1740604 2.4797272 2.3331212 2.3636549 2.2407245 2.4529917 2.2537236 2.2622188 2.2585403 2.2132769 2.1843925 2.2996208 2.4565261 2.2662131 2.7975411 2.9777429 2.9169681 2.2885550 2.4908681 2.6837118 2.3944099 2.1649896 2.1558710 3.0925071 2.4871610 2.4617108 2.4309762 2.8771393 2.6099446 2.4668632 2.4946163 2.4360677 2.6510998 2.7532113 2.6884755 2.2738539 2.4502858 2.3474757 2.5966620 3.5093917 2.8851860 2.6376949 2.7409584 3.1205052 2.6370127 2.4373094 2.5157513 2.3225000 2.1908662 2.3073371 2.2904168 3.2655499 2.2321886 2.8252699 2.6641682 2.7442684 2.5557705 2.4396013 2.2507307 2.4395033 2.3377332 2.5081884 2.3448570 2.1599372 1.9330204 2.1582362 2.2427487 3.4047813 2.2175335 1.9940186 2.5457488 2.9259214 2.6555572 2.3290313 2.4255004 4.2208514 4.0907692 2.1744605 3.4955814 2.3963179 2.3133104 3.8949463 4.2682384 2.0127936 2.1202466 1.9473979 3.7241776 3.2921778 2.2534839 2.0675473 2.3589056 2.1804008 2.0721822 2.4119544 2.0500834 1.9984811 2.2865804 2.6559370 2.3364200 
AGE60807.1_phage        2.6214430 3.3994381 3.3389613 4.5779066 0.0000010 3.8081637 0.0000000 3.8254485 0.0142074 3.1487624 3.1242362 3.0052263 3.6295079 3.3776685 3.5940860 3.3439494 3.6601778 2.8586543 3.5211015 3.7544023 3.8219845 3.6538357 3.6601778 3.0630309 3.4768404 3.1283820 3.4768404 3.8232325 4.1915933 3.3877426 3.0515551 3.1439504 4.1754008 3.1283820 3.0833782 3.1617395 3.1487624 3.8469503 3.1617395 3.9602132 3.2750842 2.8052546 3.2754370 3.1216709 3.7154700 2.8161323 3.6281825 2.9622235 3.0556605 3.1717516 3.0933675 3.1717516 3.5052717 3.7824154 3.1918187 4.1199172 3.9472712 3.0556605 3.5011824 3.4523620 3.5250083 3.6295079 3.1487624 3.8254485 3.1379782 4.5779066 3.3877426 3.1242362 3.7642345 3.7969358 3.1487624 3.5772273 3.4503455 4.4767865 3.0312193 2.8161323 3.2016267 3.8112952 3.2016267 3.1044251 3.0573243 3.7554416 3.9009375 3.7554416 3.9009375 3.7297833 3.5320167 3.1283820 3.8495899 3.1283820 3.7091784 3.0614087 3.5011824 3.3731438 3.7091784 3.0614087 3.8174556 3.9602132 3.2750842 3.6281825 2.9622235 4.0821070 3.0696910 3.0415480 3.0415480 3.8495899 4.3395372 3.0312193 3.1283820 1.3535330 1.3535330 1.3303577 3.4089474 3.3857357 3.5086864 3.6858292 3.4565110 4.2862537 4.1932472 3.7767010 3.4605947 3.5207687 3.7871532 3.3367117 3.7903395 3.9244610 3.8186344 3.7876695 3.7128712 3.6220326 3.6556626 3.6231663 3.5980650 3.1826862 3.6033676 3.8834580 3.8423979 3.5421214 3.9994563 3.8259051 4.3446665 3.4378831 3.5295330 3.5345098 3.5503533 2.9819475 3.0875270 3.9659510 3.4339472 3.2648605 3.7847473 3.1544452 4.0930344 3.3018658 3.6693544 4.0360358 3.6546250 3.8646169 3.6724603 3.2351020 3.8831803 4.1849958 3.0931656 3.1225585 3.5328382 3.5763396 3.6673362 3.8097777 4.1460642 3.5301735 3.2826380 3.4467762 3.9699524 3.4136105 3.3969431 3.6339957 3.5488370 3.6870317 3.7578955 3.6717971 3.2845498 3.6283910 3.0321062 3.5249348 3.5853791 3.1487884 3.8335136 3.2112147 3.9807601 3.8704571 3.2842337 3.8471074 3.7858041 3.6154977 3.5873713 3.2520790 4.0711900 4.4769056 2.4985753 4.8233935 3.1565656 3.6609662 3.2119590 4.8394277 3.4371349 3.5786763 3.4733746 4.4224852 4.8548282 3.4193003 3.6752630 2.9505651 3.5271128 3.5667287 3.1348698 4.1806335 3.2206902 3.3539195 3.2223238 4.0489260 
ALO79609.1_phage        2.3678096 2.4889106 2.3334261 2.1236835 3.8254485 2.0382433 3.8254485 0.0000000 3.8264618 2.5774745 2.6503451 2.9257581 2.1667033 1.9436961 2.1367278 1.9360821 1.4836398 1.3517138 2.1944465 1.7932201 2.2986907 0.1802619 1.4836398 1.2967618 2.4044784 2.5795351 2.4044784 2.3201020 1.9075684 2.1398948 2.0646127 2.6401646 2.0152453 2.6288179 2.5130045 2.5743165 2.6266259 1.6970203 2.5743165 2.3253965 0.3268272 2.5751633 1.4199029 2.5504838 2.6678706 2.5037082 1.4818423 1.3358247 1.9689565 2.6212748 2.5503997 2.6212748 1.7034725 1.2692762 2.6111843 1.6751414 0.0237334 1.9689565 2.4057973 0.3261939 2.1928544 2.1667033 2.5774745 0.0000010 1.3751040 2.1236835 2.1398948 2.6503451 1.7734059 1.3396024 2.6266259 2.2380043 0.1916786 2.1509583 1.9777609 2.5037082 1.3758639 2.1000140 1.3758639 2.4456366 2.5190183 2.9236643 2.4128181 2.9236643 2.4128181 2.9474905 2.1591718 2.6288179 2.3617292 2.5594001 1.4678905 1.4164247 2.3743866 0.3357324 1.4678905 1.4164247 0.0116890 2.3253965 0.3349811 1.4818423 1.3358247 1.5399214 1.4446199 2.1004426 2.1004426 2.3617292 2.2648694 1.9777609 2.5795351 3.3200143 3.3200143 3.4475972 2.4264778 2.3498375 2.3621723 2.0537267 2.1938202 2.2401521 2.0875461 2.2298108 2.4434996 1.9148272 2.2706886 2.6336612 2.0926860 2.0582101 2.0288875 2.2058542 2.0209972 2.2548398 2.0172456 2.2318816 2.0857830 2.3954594 2.3706860 2.1628661 2.1162212 2.2029075 2.0494750 2.1036839 1.9955204 2.0553444 1.9534074 1.8888936 2.5604734 2.4455397 2.3721962 1.9274305 2.3395890 2.3493429 2.0654427 2.3465314 2.4494682 2.3337497 2.2224878 2.2588055 2.2732786 2.2945126 2.0057430 2.2251711 3.2182059 2.5743710 2.4591479 2.7478455 2.6240746 2.2846011 1.9221039 2.2017111 1.9200277 1.9976289 1.9587629 1.7946687 3.2735350 2.0048095 2.0313960 2.3386684 2.3759252 2.0330947 1.8527278 1.9816004 2.6932940 1.6158865 2.0411357 2.1078340 1.5581643 1.5996336 2.0679928 1.7615064 2.8088563 2.0255816 2.0294092 2.1436042 2.7642911 2.3973404 1.9592349 2.1376919 4.0419987 4.2148951 1.8761591 3.6724627 2.7393559 1.8759409 4.0494134 3.8440433 1.7273223 1.5975359 1.5770101 3.9431032 3.2247616 1.8727596 2.6351014 2.6505343 1.5062245 1.8683842 1.9537316 1.5955603 1.5293748 1.7777566 2.7759749 2.0485282 
AGY46846.1_phage        2.5743468 3.4072806 3.2916047 4.4706700 0.0142074 3.7804059 0.0142074 3.8264618 0.0000000 3.1549048 3.1303706 3.0238715 3.5474343 3.4102979 3.5130038 3.4120589 3.6131343 2.7981128 3.4418233 3.6841641 3.7342872 3.6552229 3.6131343 3.0146028 3.4187523 3.1345048 3.4187523 3.7689520 4.1624508 3.3675416 3.0584932 3.1500925 4.1014650 3.1345048 3.0894545 3.0925340 3.1549048 3.8184608 3.0925340 3.8698275 3.2656008 2.7948971 3.2818996 3.1035311 3.7387295 2.8057484 3.5932693 2.9803790 3.0746593 3.1779540 3.0994911 3.1779540 3.5119743 3.7893380 3.1980284 4.0929864 3.9480050 3.0746593 3.4221294 3.4421087 3.4456482 3.5474343 3.1549048 3.8264618 3.1442905 4.4706700 3.3675416 3.1303706 3.7412237 3.8222951 3.1549048 3.4975543 3.4401818 4.3716727 3.0501634 2.8057484 3.2079741 3.7875982 3.2079741 3.1104849 3.0633647 3.7324022 3.8749015 3.7324022 3.8749015 3.7074080 3.5091038 3.1345048 3.8745816 3.1345048 3.6862098 3.0136994 3.4221294 3.3633032 3.6862098 3.0136994 3.8184887 3.8698275 3.2656008 3.5932693 2.9803790 4.0556466 3.0208212 3.0222630 3.0222630 3.8745816 4.2395884 3.0501634 3.1345048 1.3495282 1.3495282 1.3263840 3.3887581 3.3306045 3.4769499 3.6828690 3.3798441 4.2961924 4.1910907 3.7347454 3.4389704 3.5174788 3.7025049 3.3161509 3.7961769 3.9433699 3.8501839 3.8184512 3.6786103 3.6381218 3.6221515 3.6018086 3.5770801 3.2034038 3.5244454 3.7946163 3.7576219 3.4639345 3.9088535 3.8447888 4.3428796 3.4598026 3.5454604 3.5386845 3.5146805 3.0197869 3.0580580 3.9634376 3.3784912 3.2507441 3.7819540 3.1248273 4.1007863 3.3158409 3.6855357 4.0551312 3.6711968 3.8834937 3.6388872 3.2481324 3.8178205 4.1135340 3.1334402 3.1628441 3.4765737 3.5354307 3.6570744 3.7445750 4.1674891 3.5461288 3.2523615 3.5028034 3.9172669 3.3804159 3.3464409 3.5745900 3.5172024 3.6841064 3.7884967 3.6890467 3.3978474 3.5692366 2.9536775 3.4480721 3.4964403 3.1314906 3.8236068 3.2245238 3.8896518 3.8601726 3.3352619 3.8371274 3.7557315 3.5933232 3.5842077 3.2651083 3.8352104 4.6660393 2.4640821 4.9784896 3.3075999 3.6392335 3.1777446 4.8277995 3.4170977 3.5445390 3.2955705 4.2537172 4.7269942 3.4158982 3.5983194 3.0908831 3.5058607 3.5508858 3.1176020 4.0414037 3.0549920 3.3504139 3.1704535 4.0465656 
AMW62487.1_phage        2.6427612 2.8500086 2.7993194 3.2767812 3.1487624 3.4046378 3.1487624 2.5774745 3.1549048 0.0000000 0.0750556 0.3089659 1.0460768 3.0619676 1.0693948 3.0893038 2.3764300 2.4310527 2.2581405 2.5680602 2.1480182 2.3552652 2.3764300 2.1417418 1.9804524 0.0057960 1.9804524 2.5955015 2.8912777 2.0753520 2.9035795 0.0815278 3.1290066 0.0116497 0.2415424 0.1674496 0.0058105 2.4622631 0.1674496 2.2103481 2.4797008 3.2026537 2.2483825 2.4541602 2.3991771 3.0679689 2.3477935 2.2770504 1.4113446 0.0816614 0.0934707 0.0816614 2.3524328 2.3541601 0.0881810 2.1644263 2.6564273 1.4113446 1.9977559 2.4086958 1.0576936 1.0460768 0.0000010 2.5774745 2.2030446 3.2767812 2.0753520 0.0750556 2.4515538 2.4103244 0.0058105 2.2103632 2.7916073 3.2104289 1.4107347 3.0679689 2.2537654 3.1823471 2.2537654 0.2460782 0.2502763 2.5879583 2.3479172 2.5879583 2.3479172 2.4763141 2.3052998 0.0116497 1.9186633 0.0116089 2.1426172 2.1736246 1.9722907 2.4413332 2.1426172 2.1736246 2.5880929 2.2103481 2.5115646 2.3477935 2.2770504 2.3935781 2.1199630 1.8366748 1.8366748 1.9186633 3.2906175 1.4107347 0.0057960 3.7460981 3.7460981 3.7967802 2.9922620 3.2491951 2.7798959 2.5865501 2.9570647 3.2318823 2.5495671 3.0264721 2.9618452 2.1489221 3.1241249 3.1535393 2.6658682 2.5937328 2.5839965 2.5126336 2.5505333 3.0645529 2.9721389 3.3074774 2.4919077 2.7601906 2.6821079 3.1535442 3.2339268 3.2117106 3.0792779 2.5379887 2.3734209 2.3527952 2.4591360 2.7806277 3.0992233 3.2111128 2.4308064 2.5519542 3.3023357 3.1846368 2.5092545 3.0154275 2.4425373 2.5274404 2.7043151 2.5608443 2.4482447 2.6591031 2.4337504 2.9411295 3.2677400 3.2711661 3.1882518 3.4487978 3.0506566 3.3182621 2.5090753 3.0776869 2.4937268 2.5016437 2.7425003 2.3809064 3.6813136 2.5137712 2.9968163 3.1753420 2.9537997 2.5821473 2.4795750 2.5536424 3.0543241 2.2678101 2.6159866 2.2648733 2.5577418 2.1138280 2.5262598 2.4239194 4.1264061 2.5396754 2.4154072 2.4168644 3.3974598 2.7172470 2.5150277 2.8098086 4.1170190 3.4377842 2.5873175 3.6874408 3.0536793 2.9053904 3.3007044 4.8062349 2.2361417 2.3308617 2.5934965 3.5539095 2.9835256 2.4294166 2.6126291 3.0766273 2.3559630 2.1960847 2.5579550 2.6632202 2.8476787 2.3555629 3.2074944 2.6754298 
ASR79140.1_phage        2.8131590 2.9626813 3.0835738 3.4841585 3.1242362 3.4347966 3.1242362 2.6503451 3.1303706 0.0750556 0.0000000 0.3048467 1.0288785 3.1188670 1.0520051 3.1556375 2.3902813 2.4334914 2.2791986 2.5646861 2.3055835 2.4193553 2.3902813 2.1659530 2.1299598 0.0685584 2.1299598 2.4761488 2.8936939 2.1784781 2.9982955 0.0058282 3.1291151 0.0620812 0.2457654 0.1537990 0.0685298 2.3904749 0.1537990 2.3390056 2.4816448 3.1884387 2.2136460 2.4022230 2.3525333 3.1087847 2.3614606 2.2785140 1.4083506 0.0058361 0.0295190 0.0058361 2.3843667 2.3934464 0.0117080 2.1773857 2.7325550 1.4083506 2.1495599 2.4366556 1.0404252 1.0288785 0.0750556 2.6503451 2.1687187 3.4841585 2.1784781 0.0000010 2.4600452 2.4267889 0.0685298 2.3270049 2.8857590 3.4137372 1.4077278 3.1087847 2.2192777 3.2208731 2.2192777 0.2552706 0.2544824 2.5194891 2.3242839 2.5194891 2.3242839 2.4612653 2.3649077 0.0620812 2.0463605 0.0622419 2.1012302 2.1567944 2.1223210 2.4698791 2.1012302 2.1567944 2.6613875 2.3390056 2.5137114 2.3614606 2.2785140 2.3505236 2.1439982 1.9252577 1.9252577 2.0463605 3.5044859 1.4077278 0.0685584 3.7746174 3.7746174 3.8271189 2.9816798 3.3210039 2.7592788 2.5970071 2.9825497 3.3617888 2.5612321 3.1750425 3.2202542 2.1416358 3.1305557 3.3106561 2.7277078 2.6014643 2.6139016 2.4897536 2.5708105 3.0668390 3.0422555 3.3902109 2.6132010 2.8380763 2.7114096 3.1446588 3.2222011 3.2120626 3.0279892 2.6614037 2.4355220 2.3821974 2.4874545 2.6779216 3.1207523 3.2557292 2.3560934 2.5572112 3.2804881 3.0778529 2.5015897 2.9903417 2.4847876 2.6630771 2.7720899 2.6156807 2.4055436 2.6378001 2.4521005 3.0226567 3.3278121 3.1787212 3.2775346 3.4346996 3.2046621 3.2981603 2.5266936 3.0259401 2.5030112 2.4847195 2.7735983 2.3942446 3.7037465 2.5266241 2.9131466 3.3772959 2.9480592 2.5926295 2.4799526 2.5344838 3.0903900 2.2465160 2.7357504 2.3833321 2.5520004 2.1887696 2.6226571 2.4893334 4.0512129 2.5220467 2.4079012 2.4090320 3.5403028 2.7665434 2.5327894 2.8374178 4.3039881 3.4463474 2.6185932 3.5800041 3.0666175 2.9768398 3.3642064 4.5917668 2.2230530 2.3282479 2.5849174 3.4563884 3.1171866 2.4509655 2.5377274 3.2000681 2.3881913 2.1829681 2.5525529 2.7350083 2.8398918 2.3760452 3.2608860 2.6953385 
ADH03291.1_phage        2.6952260 2.8218497 3.1247204 3.3586860 3.0052263 4.0557760 3.0052263 2.9257581 3.0238715 0.3089659 0.3048467 0.0000000 1.2930802 2.8528679 1.3211763 2.8809802 2.5926446 2.5429566 2.3553237 2.7393847 2.4416570 2.7017976 2.5926446 2.3821440 2.0914284 0.3004335 2.0914284 2.7809258 2.9938893 2.2326997 3.1602916 0.3130935 3.1240056 0.2917614 0.2523215 0.2811268 0.3002196 2.5050911 0.2811268 2.6026602 2.6507034 3.4032528 2.5451583 2.5068508 2.3186386 3.3355972 2.5773507 2.4101418 1.5438604 0.3077606 0.3122444 0.3077606 2.4785129 2.3538970 0.3160783 2.2562642 3.0162190 1.5438604 2.4058271 2.5464891 1.3067961 1.2930802 0.3089659 2.9257581 2.5382582 3.3586860 2.2326997 0.3048467 2.4105214 2.4425328 0.3002196 2.5771523 3.1063996 3.2910167 1.5436740 3.3355972 2.4766298 3.2320377 2.4766298 0.2586585 0.2610305 2.5129314 2.5431552 2.5129314 2.5431552 2.3325259 2.3952123 0.2917614 1.9216167 0.2927936 2.1920896 2.3741900 2.3755365 2.5753946 2.1920896 2.3741900 2.9365506 2.6026602 2.6854597 2.5773507 2.4101418 2.4874773 2.3045517 1.9128298 1.9128298 1.9216167 3.2112498 1.5436740 0.3004335 3.6622364 3.6622364 3.7076981 2.9382953 3.0741863 2.6782080 2.8477169 3.1318340 3.4451442 2.7151191 3.5554033 2.9768459 2.5368087 3.3561796 3.2322071 2.9362436 2.8562346 3.0050762 2.6007280 2.6044026 3.1726492 3.0252050 3.3079708 2.5603487 2.6834263 2.8158140 3.0734762 3.3762211 3.0806402 2.9585722 2.7270250 2.5345612 2.5689324 2.5709394 3.0527596 3.0984583 3.0833093 2.4315103 2.8026234 3.0831073 3.0145045 2.7444114 3.0981791 2.7505876 2.8404558 2.9015734 2.7475500 2.5159073 2.8608867 2.5186273 2.7863606 3.4658906 3.0901044 3.0370476 3.3222920 2.8946039 3.1628449 2.7058254 2.9898313 2.5755298 2.5975766 3.1158370 2.8835071 3.7195279 2.4767530 3.0831520 2.8161785 2.9610620 2.8442746 2.6054048 2.6880156 3.3815885 2.3336276 2.6910428 2.6146805 2.4343587 2.1001554 2.8739846 2.5934498 3.9771301 2.5961554 2.5343325 2.5810851 3.4672425 2.7198938 2.7647014 2.7954556 3.8770079 3.7486136 2.7977544 3.8161187 3.2278278 2.7617683 3.3904459 4.7204384 2.3805945 2.4317823 2.2843741 3.4582952 3.2908765 2.8146789 3.1993282 3.2422197 2.5452979 2.2216872 2.8202358 2.6453052 2.4247662 2.7477350 3.3222823 2.9315681 
AMW61966.1_phage        2.5375041 2.2505288 2.7114787 2.9587157 3.6295079 2.8058766 3.6295079 2.1667033 3.5474343 1.0460768 1.0288785 1.2930802 0.0000000 2.3317154 0.0119437 2.3688699 2.1828999 2.0338864 2.0170638 2.3491381 2.3518244 2.1444931 2.1828999 2.2684466 2.2511864 1.0336893 2.2511864 2.6786627 2.8378991 2.2362951 2.7959020 1.0243618 2.8625174 1.0400132 1.1033159 1.1715512 1.0524508 2.3620550 1.1715512 2.1874059 2.0078480 3.3475188 1.9870572 2.0515402 2.3882490 3.4399640 2.2308705 2.1748177 0.9473934 1.0484822 1.0382410 1.0484822 1.9315219 1.9881999 1.0438897 1.8387186 2.2070210 0.9473934 2.0904096 2.0108905 0.0119520 0.0000010 1.0460768 2.1667033 1.9932791 2.9587157 2.2362951 1.0288785 2.2523691 2.0741160 1.0524508 2.4788091 2.1864610 3.0072886 0.9360385 3.4399640 1.9601698 2.3811594 1.9601698 1.1238183 1.1291349 2.3441509 2.0608260 2.3441509 2.0608260 2.4865892 1.9278150 1.0400132 1.6777476 1.0217821 2.1344078 2.2151057 2.0642828 1.9699230 2.1344078 2.2151057 2.1517215 2.1874059 2.0332051 2.2308705 2.1748177 2.2535807 2.1605226 1.6941556 1.6941556 1.6777476 3.0608064 0.9360385 1.0336893 3.7282004 3.7282004 3.8968588 2.9678852 2.6624582 2.5386374 2.5648931 3.4310533 2.8133299 2.4986179 2.2693516 2.8769888 2.2293742 2.9054039 3.0378323 2.4081596 2.3472475 2.3812265 2.4950938 2.5248532 2.5323211 2.6874315 2.6605125 2.2542331 2.8133155 2.3349582 2.9130195 2.8965573 2.7890111 2.6655350 2.5644422 2.3420524 2.2721730 2.4179506 2.5172126 2.9867267 2.6508696 2.1874475 2.4297851 2.8628639 2.8609745 2.5277515 2.6127542 2.4973954 2.6098282 2.4261287 2.2597492 2.5636829 2.4903256 2.4817711 3.0539130 2.7466414 2.9415511 3.1468836 3.1960651 2.8793650 2.8406997 2.4441931 2.8469623 2.4250049 2.4299722 2.2240325 2.3909154 3.4520466 2.0669799 2.5917959 2.6610474 2.4810899 2.5495713 2.4768653 2.5152454 2.8479810 2.0322922 2.5501331 2.1193061 2.1111390 2.2134640 2.4874602 2.3782091 3.5745270 2.1663920 2.6429996 2.4850280 3.0714765 2.7360418 2.4450909 2.8589581 3.9271210 3.2532514 2.2849549 3.8332194 2.4774771 2.8289363 3.3391280 4.5035173 2.4134789 2.1082746 2.3721045 4.3095250 3.4940574 2.3550140 2.9115551 2.5340849 2.2948853 2.3791399 2.2741273 2.2733467 2.4890737 2.2646122 2.9550478 2.6690418 
QDP43184.1_phage        2.4649547 2.6617996 2.6817868 3.2992706 3.3776685 3.1467908 3.3776685 1.9436961 3.4102979 3.0619676 3.1188670 2.8528679 2.3317154 0.0000000 2.3518216 0.0733502 1.6561616 2.4114984 2.4528473 2.0879453 2.8220855 1.9137943 1.6561616 1.9298786 2.4435631 3.0654120 2.4435631 3.8415339 2.6811273 2.4100602 2.7869264 3.0812012 2.9240411 3.0660074 2.8767291 3.0396248 3.0625569 1.9133099 3.0396248 2.6838265 1.8143833 3.1304629 1.8611972 2.8774753 2.8578405 3.3102200 1.6811476 2.3214059 2.3874145 3.1259065 3.0336855 3.1259065 2.2480518 1.5785748 3.0880893 2.4539603 1.9830922 2.3874145 2.4931341 1.8705298 2.3690425 2.3317154 3.0619676 1.9436961 1.8510236 3.2992706 2.4100602 3.1188670 2.1247761 1.9617322 3.0625569 2.7714293 1.8126820 3.3601707 2.3980190 3.3102200 1.8530787 1.0841569 1.8530787 2.9271053 2.9577974 2.7439837 2.9681529 2.7439837 2.9681529 2.7176696 2.6824305 3.0660074 2.4893704 3.0689757 1.9512676 2.0876109 2.4594269 1.8421398 1.9512676 2.0876109 1.9331182 2.6838265 1.8380337 1.6811476 2.3214059 1.7745634 1.9044151 2.4679326 2.4679326 2.4893704 3.4359923 2.3980190 3.0654120 3.2725166 3.2725166 3.3291238 3.0237228 2.8930398 3.0459793 2.9684452 2.6990883 2.7360801 3.0332876 2.6358946 2.4173223 2.4893333 3.2521593 3.4227907 2.6749502 2.6502827 2.7480760 2.6797861 2.7221743 2.7361528 2.8816302 3.2199586 2.4678964 2.4037372 2.6012488 2.8494887 3.0637734 2.8101366 2.5703196 2.6681010 2.7430319 2.3491685 2.8444444 2.6849360 2.7067353 2.9694881 3.0171622 2.8582466 3.0373056 2.7127175 2.8657104 2.8179856 2.8735454 3.5079080 2.6201510 2.5578309 2.7119147 2.9053227 2.5556224 2.6703367 3.3289637 2.8646891 3.4369335 3.8934021 3.0878643 2.7730441 2.7732789 2.8491102 2.8563013 2.7811397 2.3814080 2.5671971 2.9621498 2.4145848 2.7313105 2.9137354 2.9965389 2.9535206 2.5781177 2.9675665 3.5846527 2.1087737 2.3325216 2.9437565 2.2759594 2.1068873 2.4061334 2.6798209 2.9461031 2.6002496 2.6519363 2.7576455 3.3424885 2.3434429 2.7564400 2.6317540 3.3091872 4.2285941 2.2656667 3.4377975 3.1183578 2.4504811 3.5716300 3.4463209 2.1597719 2.3842990 2.1522552 3.9774180 2.8013387 2.5571128 3.6987905 3.0600825 2.3668522 2.2092562 2.6467896 2.3888681 2.3010404 2.4453779 3.5631667 2.9055942 
AZF89309.1_phage        2.5313047 2.2331349 2.7488653 2.8906872 3.5940860 2.8137145 3.5940860 2.1367278 3.5130038 1.0693948 1.0520051 1.3211763 0.0119437 2.3518216 0.0000000 2.3894925 2.1553446 2.0130876 2.0570483 2.3567353 2.3375040 2.1082624 2.1553446 2.2244841 2.2899293 1.0567954 2.2899293 2.6729658 2.7973906 2.2749907 2.8625714 1.0474057 2.8223007 1.0632195 1.1282081 1.1482725 1.0758693 2.3038885 1.1482725 2.2319150 1.9830301 3.3987815 1.9755983 2.0463397 2.3421167 3.4935838 2.2025532 2.1522990 0.9279140 1.0719929 1.0615472 1.0719929 1.9358900 2.0276688 1.0673166 1.8017018 2.1698271 0.9279140 2.1321997 1.9862627 0.0179244 0.0119437 1.0693948 2.1367278 1.9819456 2.8906872 2.2749907 1.0520051 2.2991639 2.0487753 1.0758693 2.5306280 2.1567737 2.9370633 0.9166698 3.4935838 1.9489682 2.3661257 1.9489682 1.1035073 1.1087256 2.3543075 2.0558289 2.3543075 2.0558289 2.4973964 1.9329566 1.0632195 1.6593934 1.0447625 2.1216677 2.1721365 2.1055108 1.9459062 2.1216677 2.1721365 2.1218870 2.2319150 2.0079999 2.2025532 2.1522990 2.2399677 2.1185483 1.6847344 1.6847344 1.6593934 3.0390781 0.9166698 1.0567954 3.7267578 3.7267578 3.8954844 2.9458160 2.7051059 2.4598480 2.5293813 3.4116330 2.7980019 2.4958750 2.2186582 2.9810366 2.2533239 2.9705922 3.0164788 2.3811337 2.2758734 2.3290399 2.4603166 2.4688034 2.4748767 2.6945785 2.6430307 2.3011654 2.8826101 2.3854842 2.9783610 2.8572798 2.7754576 2.6724138 2.5950605 2.3670123 2.2777437 2.3431249 2.4391439 2.9648553 2.6194424 2.2102193 2.3774015 2.9110442 2.8449309 2.4514515 2.5550796 2.5260285 2.5917903 2.3736371 2.2110930 2.4849209 2.5191859 2.4271286 2.9583253 2.6691089 3.0106514 3.0950695 3.1487755 2.8329601 2.8116291 2.3903142 2.9102780 2.4520681 2.3548454 2.2709186 2.3177641 3.5444348 2.0878222 2.6525403 2.7045139 2.4050639 2.5334743 2.5049034 2.4367631 2.8485598 1.9877483 2.5437809 2.1623337 2.0805098 2.1859839 2.5159180 2.3258055 3.5225479 2.1887875 2.6174431 2.5133633 3.1134076 2.7082047 2.3705166 2.7952337 3.8584545 3.3023750 2.2357270 3.8356849 2.4706847 2.8838473 3.2411813 4.5175721 2.3828346 2.0820562 2.3383985 4.3134025 3.4407268 2.2833664 2.9134453 2.5271658 2.2659660 2.3486479 2.3215178 2.2396152 2.4533443 2.1954223 2.9108846 2.6665741 
APZ82618.1_phage        2.5121842 2.6414282 2.7173404 3.1529246 3.3439494 3.1433343 3.3439494 1.9360821 3.4120589 3.0893038 3.1556375 2.8809802 2.3688699 0.0733502 2.3894925 0.0000000 1.7381491 2.3331695 2.4459656 2.0790772 2.7475675 1.8569969 1.7381491 1.8862170 2.4233599 3.0928292 2.4233599 3.8827784 2.7362006 2.4725154 2.8110239 3.1176160 2.9632459 3.1019938 2.9007049 3.0673551 3.0984442 1.8981999 3.0673551 2.5727327 1.8591002 3.0449906 1.8148754 2.9857846 2.7842730 3.2221621 1.7458366 2.2261036 2.3310753 3.1764531 3.0995151 3.1764531 2.2464027 1.5988707 3.1381096 2.5115455 1.9751473 2.3310753 2.4306486 1.8651384 2.4069160 2.3688699 3.0893038 1.9360821 1.8054072 3.1529246 2.4725154 3.1556375 2.1381406 1.9068331 3.0984442 2.6164784 1.8099413 3.2087285 2.3414713 3.2221621 1.8463558 1.1354039 1.8463558 2.9516110 2.9824712 2.7861852 3.1376664 2.7861852 3.1376664 2.7583031 2.8408260 3.1019938 2.4712382 3.0964271 1.8842766 2.0401971 2.3975969 1.8369186 1.8842766 2.0401971 1.9255577 2.5727327 1.8831517 1.7458366 2.2261036 1.7331547 1.8307594 2.5143385 2.5143385 2.4712382 3.3083059 2.3414713 3.0928292 3.4075693 3.4075693 3.4794635 2.9640876 2.7906826 3.0615851 3.0234013 2.6661682 2.8095117 3.0362462 2.5284147 2.4506557 2.4246674 3.1759542 3.4720975 2.7724326 2.6568526 2.8045107 2.8352464 2.7145657 2.8223062 2.8640334 3.1135053 2.5724528 2.4843465 2.6091316 2.9713797 3.0534492 2.8940769 2.6533281 2.7818554 2.8143650 2.3366681 2.9178715 2.7819357 2.6892244 2.8420935 2.9084026 2.9159318 2.9411326 2.7315611 2.9186118 2.7572455 2.9929084 3.6006024 2.6056801 2.5437524 2.8092860 2.9200213 2.5955040 2.7046056 3.4953481 2.9086586 3.3574729 3.7810764 3.0826313 2.7019764 2.8171144 2.9485952 2.9565067 2.8468757 2.4075277 2.5556087 3.1124292 2.4087391 2.7802864 2.7403559 2.9904863 3.0080737 2.6669863 3.0388417 3.4682256 2.0737659 2.2977560 2.9559010 2.2979273 2.0461562 2.3944061 2.7268965 2.9841532 2.6484297 2.6691003 2.6771163 3.3785122 2.4999111 2.8126545 2.6446748 3.2728241 4.3759327 2.2298738 3.5398173 2.9503570 2.4811905 3.7975054 3.4135729 2.1742000 2.3129636 2.1543553 4.1142737 2.8519443 2.5639459 3.7587654 2.8702701 2.3800808 2.2382095 2.6442812 2.5106685 2.3037816 2.4571811 3.5534521 2.9173018 
QEG13663.1_phage        2.1367195 2.6362966 1.7686820 1.8484887 3.6601778 2.6468212 3.6601778 1.4836398 3.6131343 2.3764300 2.3902813 2.5926446 2.1828999 1.6561616 2.1553446 1.7381491 0.0000000 1.3778429 1.5454666 1.5161417 2.0053671 1.3794710 0.0000010 1.4756793 1.8978089 2.3874454 1.8978089 1.9099030 1.4442110 1.8201026 1.9636484 2.4179991 1.6192867 2.3582610 2.3180531 2.4014343 2.3473945 0.5313041 2.4014343 1.9664364 1.3403186 2.5165315 1.0710751 2.4163869 2.2317656 2.6173842 0.0175453 1.4381941 1.9063169 2.4404601 2.3979421 2.4404601 1.4913866 0.8225752 2.4687514 1.0084674 1.5274279 1.9063169 1.8322352 1.3297797 2.1714253 2.1828999 2.3764300 1.4836398 1.0379025 1.8484887 1.8201026 2.3902813 1.4382622 0.8938568 2.3473945 2.1019237 1.4779926 1.8687653 1.9149355 2.6173842 1.0611177 2.0552661 1.0611177 2.2965077 2.2993821 2.1150561 2.1143014 2.1150561 2.1143014 2.3031321 2.2129403 2.3582610 1.9389421 2.4073867 0.5188456 1.4939794 1.8072465 1.3210199 0.5188456 1.4939794 1.4964286 1.9664364 1.3580688 0.0175453 1.4381941 0.4940646 1.3051236 1.7723373 1.7723373 1.9389421 2.0073699 1.9149355 2.3874454 3.6717365 3.6717365 3.7162393 2.7953729 2.1352512 2.5269536 2.1040871 2.4393506 2.5581760 2.2148640 2.2972910 2.6341899 1.8697471 1.8828681 2.2019307 2.1726639 2.2840420 2.2933546 2.4193781 2.2289657 2.1997527 1.4989415 1.7386619 1.6838844 2.2213923 1.7250808 1.8906284 1.8779365 1.8356144 1.8644130 2.3856748 2.0340640 1.7429753 2.1624842 1.9736311 2.7001007 2.2336315 2.3579875 2.0146484 2.1214448 2.3652039 2.0974053 2.3935342 2.2039110 2.5136319 2.1187883 2.2628489 2.3926908 2.3427794 2.1659743 2.2789439 3.2058008 2.4752156 2.1691377 2.2969292 2.2803977 2.2772182 1.9854762 1.9899589 2.2174194 2.1697933 1.5182182 1.9426233 2.6670660 1.9390100 2.5216570 1.9627256 2.6420278 2.1328998 2.1834701 2.1819199 3.2527365 0.9964389 2.0061450 1.7239157 1.4393377 1.2319343 2.3090838 1.9116668 2.4235403 2.0377892 2.0085804 2.1563912 2.3140267 2.3805022 2.0174103 2.1994466 4.2567071 4.0423954 1.4013504 3.6087873 3.1253277 2.1472203 3.4730461 4.1532761 1.1289280 0.8995018 1.4296521 4.7067393 3.3758536 1.9438084 2.1698759 3.1819779 0.8738840 1.1837506 1.4908556 1.5714399 1.4417568 1.9338905 2.4784418 2.0744997 
