190
BAK53012.1_phage        0.0000000 4.2174030 4.6461576 4.2998108 3.9625809 5.2455162 3.0005500 4.5827809 5.7900608 4.1813024 3.0005500 3.2912311 4.3970477 3.0173398 3.3120052 4.0555896 0.6066624 3.2656133 3.4863130 3.7402670 4.4948808 3.5158973 4.2799471 3.7155563 4.5365625 5.9567469 4.9630409 2.5609519 4.0360999 3.9847786 4.1141798 4.4013318 3.5714883 4.9630409 4.6850969 3.4748161 4.6595197 3.3329315 4.7648947 3.3577312 4.7509928 4.5989455 3.3329315 4.5447563 3.2015817 3.3606612 3.2520437 5.2278597 3.3606612 4.2935300 3.4035357 3.6361430 3.3723038 5.4145888 3.3853250 4.1141798 4.1141798 5.1211820 3.2986514 4.6850969 4.6088579 4.3737672 3.4741253 4.4617504 3.2986514 3.2731493 4.4687228 3.4441093 3.4863130 3.3283771 3.2912311 4.3970477 3.5551115 5.2455162 4.3907862 4.3493416 3.2520437 3.9042121 5.1213265 4.8848883 4.5126460 3.3853250 3.6643732 4.1396084 3.6643732 3.2392942 3.1940856 4.7262520 4.7262520 4.6465644 4.0032889 4.5801084 3.2731493 4.4414885 4.5801084 4.3740599 4.2935300 5.1211820 4.8462608 3.7143495 3.7143495 4.0032889 4.9137662 2.1318796 2.1318796 2.1422978 3.4161318 4.0373149 3.8583542 4.3373801 3.3467920 4.3373801 4.1561980 3.4161318 3.2700376 3.7705490 4.6426886 3.8432490 3.4435300 3.3893200 3.4435300 4.9745174 4.1561980 3.5132641 3.9907849 5.0348387 5.0348387 4.9420810 3.2700376 3.3264072 3.9081944 3.9081944 3.7705490 3.8432490 3.7597817 3.3303668 4.7207295 3.8528281 3.3505222 4.2334428 4.4016581 3.7898706 4.0018643 3.8340308 4.1179996 3.8551672 4.1834174 4.3445372 3.2707232 3.6669704 4.3043158 3.7831676 3.7043919 4.0825546 3.6301612 3.9649835 3.6590208 4.3481685 3.8619909 3.7655341 4.3625424 3.3824263 3.5531515 3.9396248 3.8995212 4.1468518 4.3115057 4.3256637 3.3939417 4.1823150 4.0088420 3.9281527 4.1129435 4.4282292 3.1612679 3.3281774 3.4087222 4.2560473 4.1599634 3.6008963 3.4478723 5.1047141 3.8709454 4.8922639 4.9917698 5.0536282 4.7810417 4.1503854 4.8677225 3.5061901 
AGH27928.1_phage        4.2174030 0.0000000 2.9107063 2.0439323 1.1817709 2.3531911 2.2434999 2.3604957 2.2896415 2.9747667 2.2434999 2.4785870 2.0550212 2.2031908 2.5473468 2.2233820 3.8421554 2.3993934 2.2765328 2.3517335 2.1182054 2.2771312 2.2059257 2.3878861 2.3193569 2.4696613 1.9796680 2.6823169 1.6923634 1.9928833 1.8857838 2.0029534 2.4825077 1.9796680 2.3073221 2.0618016 2.0449749 2.2573647 2.0410660 2.2892915 2.0008561 1.9005040 2.2573647 2.0102427 2.1088215 2.4860781 2.5573660 1.7444236 2.4860781 1.8891821 2.9869841 2.0586113 2.8427090 2.3839601 2.9965274 1.8857838 1.8857838 1.9571825 2.4935590 2.3073221 1.9259558 1.7347650 2.4884162 2.0550212 2.4935590 2.2374592 1.8623869 2.3055337 2.2765328 2.5374208 2.4785870 2.0550212 1.9564368 2.3531911 1.9541731 1.7673355 2.5573660 1.9464719 2.3495465 2.2304260 2.2938943 2.9965274 2.0256188 1.9698564 2.0256188 2.1223909 2.1101482 2.2886011 2.2886011 2.4144560 2.3682317 1.6768088 2.2374592 1.8618540 1.6768088 2.0550212 1.8891821 1.9571825 1.8575604 2.0197474 2.0197474 2.3682317 2.3077385 2.9797497 2.9797497 2.9797497 2.5460896 1.7987665 1.9213699 1.9122637 2.5423081 1.9122637 1.8688267 2.5460896 2.5623485 2.3876942 2.6260603 1.8701551 2.5460896 2.5855287 2.5460896 1.8285371 1.8688267 2.5145384 2.0426361 2.8684189 2.8684189 2.8760370 2.5623485 2.5282381 1.9391948 1.9391948 2.3876942 1.8701551 1.7666312 2.5522810 2.5037349 2.4469708 2.6894159 2.0411623 1.9772529 1.7558481 2.1046907 1.9826061 1.8379022 1.9241879 1.9176068 1.9986192 1.8922836 1.8145187 2.2497872 2.5072212 2.1446031 2.2729344 2.1093441 2.2079196 2.9126183 2.7312026 1.5581227 1.7224246 1.6497471 1.7692250 2.1913877 3.1153637 2.5748793 1.7030465 1.7584206 1.8680960 1.5502239 2.5829012 2.0833543 2.2827133 1.6567528 1.8743507 1.9042347 1.5856015 2.3354480 2.4860313 2.8873691 3.1223572 3.1749096 3.1647246 3.4889544 2.7896989 3.5253260 3.7071741 3.7365469 3.4679607 1.8877761 2.7880178 
ADL40344.1_phage        4.6461576 2.9107063 0.0000000 3.7511942 3.8838234 3.4492235 3.4183611 2.6390161 3.3803643 3.6661992 3.4183611 3.3143206 3.1724402 3.2836923 3.3049010 3.3474104 3.9124258 3.5630613 3.9998975 2.8902351 3.3951695 4.0124948 2.6579810 3.0731877 2.6353885 2.7334394 2.7825363 3.8136642 2.5837586 3.5544518 3.1690984 2.9726439 3.4502801 2.7825363 3.5399168 3.3691905 3.1742136 3.5931203 3.5795587 3.6237375 3.6215150 2.9670738 3.5931203 3.2073344 3.5958702 3.5637821 3.3049010 3.1373032 3.5637821 2.9843773 3.9090087 3.1878190 3.4946997 3.9562635 3.8353554 3.1077566 3.1077566 2.5578816 3.5579698 3.5399168 3.4372242 2.9688024 3.2647367 3.1796036 3.5579698 3.2863645 2.8936161 4.0209032 3.9998975 3.3350823 3.3143206 3.1724402 3.2624490 3.4492235 3.3898310 2.8070374 3.3049010 3.0527848 3.3591574 3.5618296 2.6085174 3.8353554 3.3093992 3.2316141 3.3093992 3.6123222 3.6007851 3.2166895 3.2166895 3.2908423 3.6204805 3.2046369 3.2863645 2.8969774 3.2046369 3.1724402 2.9843773 2.5578816 2.9824592 3.5305330 3.5305330 3.6204805 3.6867684 3.4931916 3.4931916 3.5600097 3.4022193 2.5084831 2.4380276 3.2998237 3.3564476 3.2998237 3.0048821 3.4022193 3.3261872 3.3914352 3.0668756 2.4528312 3.4022193 3.3921009 3.4022193 3.0235462 3.0048821 3.3407654 3.4807852 2.9445469 2.9445469 2.9427968 3.3261872 3.3558189 2.5912370 2.5912370 3.3914352 2.4528312 2.5516850 3.3261872 3.2913933 2.7827692 2.8598906 4.0993173 3.9174924 3.1862196 3.4562612 3.6033367 3.8221679 3.2076685 3.3475872 3.2462889 3.9274579 4.0760080 2.3032660 3.5937207 4.4906212 5.4519381 3.7523330 3.3434871 3.6397994 3.6956590 3.3444755 3.0591325 3.0748303 2.9507483 2.4359584 3.7503553 2.9827720 2.8589798 2.7508100 3.0901352 2.8519488 2.7489103 3.1026730 4.4487042 2.8814400 2.7040597 3.2966792 2.7637066 2.4695921 3.0042878 3.8767301 3.8724109 4.2175146 3.2265333 4.9687864 5.1138457 3.6859271 5.3495497 3.7731697 3.3835103 3.0308395 3.9618383 
ADL40362.1_phage        4.2998108 2.0439323 3.7511942 0.0000000 2.3748508 2.6071388 3.2045151 2.5738436 2.9491311 2.6223014 3.2045151 2.5075454 2.6431851 3.2094020 3.0904082 2.4515645 4.5198927 2.9651170 2.4570204 2.6424117 2.7261268 2.4595168 2.4886389 2.7246688 2.5344213 2.7906943 2.6244676 3.2283594 2.1533559 2.2326223 2.6463681 2.6043616 2.4407217 2.6244676 2.4741610 2.5002207 2.6351398 2.8583456 2.7091130 2.8812293 2.6727241 2.5420983 2.8583456 2.6409004 2.7724946 3.1812077 3.0304012 2.7724528 3.1812077 2.4159262 3.4475929 2.4172639 3.4660325 2.5082710 3.2677727 2.6463681 2.6463681 2.6101696 2.4670333 2.4741610 2.2946259 2.5390003 2.7119010 2.6431851 2.4670333 2.4593041 2.3079781 2.4570204 2.4570204 3.1167691 2.5075454 2.6431851 2.4658905 2.6071388 2.5534204 2.4064437 3.0304012 2.5753541 2.6540527 2.5334906 2.5236474 3.2677727 2.4668569 2.1367398 2.4668569 2.7726528 2.7724946 2.7063245 2.7063245 2.5489551 2.4181666 2.7938094 2.4593041 2.3079781 2.7938094 2.6431851 2.4159262 2.6101696 2.9667836 2.2927975 2.2927975 2.4181666 2.5150247 3.5898403 3.5898403 3.5898403 3.2892652 2.1249429 2.3347683 2.3283219 3.1353680 2.3283219 2.2468610 3.2892652 3.0484726 2.6395702 2.9038583 2.0781681 3.2892652 3.2262105 3.2892652 2.4024562 2.2468610 2.4978699 2.4506233 2.8621582 2.8621582 2.8061837 3.0484726 3.0832926 2.4222614 2.4222614 2.6395702 2.0781681 2.2608440 3.1088963 2.0389470 2.7870681 2.1351997 2.6744161 2.3852115 2.7679951 2.5581708 2.2008776 1.9493708 2.7142695 2.2736317 2.2214138 2.3962657 2.1038761 2.3645644 2.6361993 2.8843850 2.5024860 2.5020549 2.5418952 2.9945357 2.5305522 2.5060451 2.1091380 2.0600897 2.1122302 1.7200976 2.7761476 2.0636468 2.3926965 2.1149628 2.4553708 2.2834862 2.8495240 2.9922448 2.9654587 2.3207174 2.2228838 2.0470466 2.2518632 3.1065513 2.1560194 3.9889673 4.1107490 3.7241431 3.9265400 3.4205016 3.7057038 4.1169490 3.4836311 3.0965380 3.3707863 2.6193925 3.4008076 
AAL96802.1_phage        3.9625809 1.1817709 3.8838234 2.3748508 0.0000000 2.8208900 3.1534148 2.6157717 3.1132452 2.8726910 3.1534148 2.7830242 2.5396106 3.1131789 2.9471893 2.3850043 3.9145488 3.0624379 2.5270715 2.7570020 2.6327646 2.5591118 2.4721511 2.7662003 2.5606473 2.8306116 1.7646775 3.4624150 1.7946816 2.4723521 2.6072230 2.3406463 2.7776519 1.7646775 2.8107851 2.6399045 2.7108384 2.8926176 2.8239758 2.9151584 2.7625426 2.0507690 2.8926176 2.6058969 2.8021695 2.8873869 2.9478954 1.7830223 2.8873869 2.4802967 3.8591987 2.1069295 3.6173531 3.4378800 3.4375293 2.6072230 2.6072230 1.7119006 2.5053430 2.8107851 2.3220218 1.8245987 2.6462217 2.5396106 2.5053430 2.4210770 2.3665336 2.5500022 2.5270715 2.9232998 2.7830242 2.5396106 2.0647431 2.8208900 2.3246118 1.9523105 2.9478954 2.3537815 2.8203605 2.7340656 2.5553219 3.4375293 2.1565430 2.4251775 2.1565430 2.8193717 2.8048448 3.7876085 3.7876085 3.2291399 2.7643110 2.0055700 2.4210770 2.3674012 2.0055700 2.5396106 2.4802967 1.7119006 2.1252248 2.4362189 2.4362189 2.7643110 2.9484761 3.4895626 3.4895626 3.4895626 2.9542488 2.1271870 2.1000770 2.4763687 2.9395964 2.4763687 2.2434221 2.9542488 2.9642485 2.7397309 3.1492702 2.1539937 2.9542488 3.0024474 2.9542488 2.2284060 2.2434221 2.7114142 2.2607706 3.4073079 3.4073079 3.4011972 2.9642485 2.9645996 2.1399535 2.1399535 2.7397309 2.1539937 2.0874500 2.9635332 2.9913006 2.6957395 3.0405428 2.4147785 1.7925523 1.9363231 2.3644313 2.6164950 2.1471685 2.1586926 2.3213883 2.2790719 2.2367741 2.1772595 2.9544747 3.1070144 2.1915265 2.8383976 2.2055951 2.2314333 2.8197316 3.1410450 1.9986755 1.9750046 1.9205867 1.8243408 2.6679378 2.6723298 2.8524054 2.1621802 1.9775581 2.1246936 1.6859382 3.1329412 2.8326444 3.3775760 2.1744801 1.9265820 2.0758520 1.7078334 2.1134230 3.0945415 3.2054465 3.7233081 3.2815537 4.0318385 3.3671813 3.1807704 4.0260568 3.8197266 4.1894170 3.2692099 2.0915735 3.1537780 
ABC40436.1_phage        5.2455162 2.3531911 3.4492235 2.6071388 2.8208900 0.0000000 4.1328281 2.4950464 2.2864725 4.0286715 4.1328281 2.2515083 1.9836747 4.0342841 3.2026039 1.5913437 4.1611085 3.1440106 2.8766843 3.0693460 0.2786262 2.8143290 2.5008417 2.9338644 2.4657668 2.6733751 1.7546583 3.8626231 1.9758970 2.1234950 1.0406151 1.8400370 2.2192018 1.7546583 0.1042747 2.5693994 1.7347948 2.6689274 1.9324830 2.6861887 1.9140768 2.2518769 2.6689274 1.8234656 2.9674018 3.1573007 3.2185909 1.7181161 3.1573007 1.8250508 3.2487053 1.8685404 3.0590399 3.2125187 3.2680463 1.0080352 1.0080352 1.7836899 2.4965101 0.0971424 2.1594198 1.6431426 2.2367976 1.9127916 2.4965101 2.2858474 1.8380107 2.8423057 2.8766843 3.2228011 2.2515083 1.9836747 1.8074739 0.0000010 2.1058709 1.6328506 3.2185909 1.9314613 0.0000010 0.1359078 2.4422482 3.2680463 1.8495581 3.0168839 1.8495581 2.8517189 2.9315475 2.9598536 2.9598536 3.3228940 2.5013077 1.9033156 2.2858474 1.8381363 1.9033156 1.9650448 1.8250508 1.7836899 1.7729631 2.0227090 2.0227090 2.5013077 0.0719631 4.1641980 4.1641980 4.1831936 3.3568676 1.9174482 2.0637547 2.5976075 3.2372294 2.5976075 2.6780620 3.3568676 3.2330397 2.3399425 2.8710408 2.0172110 3.3218145 3.3715379 3.3218145 1.5113588 2.6780620 2.3297241 2.1658849 2.9944632 2.9944632 3.0452664 3.2330397 3.2484291 2.1519671 2.1519671 2.3399425 2.0172110 1.8991195 3.2169669 2.1265661 2.4960392 3.0856863 2.3823306 2.4663070 1.7410101 1.6732176 1.9437002 1.8247084 1.6956109 1.8867051 1.8897223 1.8772728 1.7209944 2.8493724 2.8850602 3.0872349 3.0433350 1.9513501 2.2018445 3.2240963 2.4940495 2.0898459 1.8545880 1.5930963 2.1298905 2.7382382 3.4322412 2.6259145 1.7233865 1.5310818 1.9767899 1.8841184 2.5502164 2.6569070 2.9272701 1.8402097 1.6330530 2.1191447 2.0470552 2.9423938 2.4295478 3.3972098 2.9401175 3.0706080 4.0332222 4.6600151 4.5350156 3.8067121 6.0621956 4.1132201 3.8637436 2.1614746 2.9557259 
AGE60961.1_phage        3.0005500 2.2434999 3.4183611 3.2045151 3.1534148 4.1328281 0.0000000 3.9946184 3.6049597 2.6657398 0.0000010 2.9837383 3.2939461 0.0151898 2.8576808 3.9821645 2.8006566 2.5831910 3.0618868 3.3349174 3.5775566 3.0603413 3.8619593 3.2634934 3.9196060 3.7837785 3.2680062 1.3231758 3.2499858 3.1464634 3.6139453 3.2379635 3.0590278 3.2680062 3.9304417 3.3915138 4.1090618 3.5245428 3.8425592 3.5418427 3.8772003 3.1571607 3.5245428 3.8347713 2.6432639 2.7078404 2.8583269 3.6491054 2.7078404 2.9310234 2.9805863 2.9440175 3.4170835 3.0493135 2.8905753 3.5143649 3.5143649 3.2479887 2.9189719 3.9304417 3.4572510 3.2192140 2.9730437 3.4026978 2.9189719 2.9740508 2.9736563 3.0618868 3.0618868 2.8806726 2.9837383 3.2939461 2.7765860 4.1328281 3.5410164 3.2164967 2.8583269 2.9966990 4.0386393 3.9641159 3.9116522 2.8905753 2.8600423 3.4368821 2.8600423 2.6859470 2.6432639 3.5004609 3.5004609 3.6435752 3.3596830 3.3514089 2.9740508 2.9736563 3.3514089 3.2939461 2.9310234 3.2479887 3.8673896 3.3696593 3.3696593 3.3596830 3.9253333 1.2819474 1.2819474 1.2849303 2.7789063 2.9144684 3.1602038 3.5251974 2.8604575 3.5251974 3.3404143 2.7789063 2.8382114 3.1518175 3.0362228 2.8626605 2.7789063 2.7137626 2.7789063 3.6372180 3.3404143 3.0186891 3.4373891 3.1755759 3.1755759 3.1080358 2.8382114 2.8969995 3.2706738 3.2706738 3.1518175 2.8626605 3.0879341 2.8375772 3.2561627 3.2664679 2.9893277 2.9041644 3.5080462 3.1919362 3.0981555 3.5347411 3.3199589 3.3810252 3.3065036 3.4659604 3.3972254 3.4412357 2.7837848 3.3663493 3.5816945 3.6567396 3.3771643 3.0084877 3.2653675 3.6071384 3.1293262 3.2949638 2.6981371 3.4681238 3.0063731 3.3852450 3.5549696 3.1803095 3.1254025 2.4638178 3.3103840 3.1839055 2.8803251 3.3979894 3.2313058 3.2296361 3.1872102 3.1607640 3.1697488 3.0612266 2.7843656 2.7287461 2.7840796 3.8935385 3.7000118 3.1943994 3.8086874 4.3529553 3.9660438 3.9179062 2.8160489 2.5341052 
ACI90961.1_phage        4.5827809 2.3604957 2.6390161 2.5738436 2.6157717 2.4950464 3.9946184 0.0000000 3.4785599 3.4241347 3.9946184 2.5582111 2.7913736 3.8988639 3.0744048 2.1548099 4.1988904 3.6436008 3.1264590 2.8758132 2.2107097 3.1692125 0.0868349 3.0084713 0.0222074 1.2712418 2.1788708 4.4555505 2.4566776 2.6672297 2.7283953 2.5718582 2.5931004 2.1788708 2.4426266 2.9001795 2.5443817 2.9832660 2.8364983 3.0075326 2.7728565 2.5074421 2.9832660 2.7562389 3.2874988 3.1791425 3.0840639 2.1806236 3.1791425 2.6979233 4.1268828 2.8459992 3.9354174 3.7863480 4.0150761 2.6329814 2.6329814 2.1236639 2.5586371 2.4426266 2.4590113 2.0970745 2.6045788 2.8853603 2.5586371 2.5957937 2.5564007 3.1264590 3.1264590 3.0870794 2.5582111 2.7913736 2.6544636 2.4950464 2.4893755 2.2366420 3.0840639 2.6614098 2.4921823 2.4115775 0.0147766 4.0150761 2.7205335 3.3816044 2.7205335 3.3046542 3.2874988 3.0453717 3.0453717 3.2382484 3.0452824 2.2324007 2.5957937 2.5564007 2.2324007 2.7913736 2.6979233 2.1236639 2.3973174 2.1547097 2.1547097 3.0452824 2.5285517 3.7979925 3.7979925 3.9196725 2.9684904 2.5751092 2.5441098 2.6875901 3.1059003 2.6875901 2.8286918 2.9684904 3.1028647 2.6556891 3.5369514 2.6147289 2.9684904 2.9581773 2.9684904 2.3620659 2.8286918 2.6458080 2.3257751 3.5722373 3.5722373 3.5165453 3.1028647 3.1075907 2.7376119 2.7376119 2.6556891 2.6147289 2.5362181 3.0931557 3.2139265 2.5413665 2.8476099 3.0108751 2.6589225 2.6293997 2.6383502 2.5274064 2.4438574 2.3462748 2.6259228 2.7260363 2.0577393 2.3309840 2.4507395 4.1704224 3.2309534 2.8398557 2.3084810 2.8458291 4.1621291 3.8761941 2.3777797 2.2718919 2.0781711 2.5781387 2.7436360 4.1503927 3.3670054 2.0736559 2.1213821 2.6169261 2.4591964 3.1229700 3.0808680 3.2864096 2.1300287 1.9514974 2.3354960 2.5956737 3.0089282 3.4715622 4.2763932 4.1227671 4.3706515 3.5314343 5.6983797 4.1908186 3.8134189 3.9001273 4.2613240 3.9288511 2.8901852 4.1125521 
AEO93340.1_phage        5.7900608 2.2896415 3.3803643 2.9491311 3.1132452 2.2864725 3.6049597 3.4785599 0.0000000 3.2196644 3.6049597 2.9967575 2.5398464 3.5779668 3.6148345 2.6929836 4.4624314 3.9748097 2.8083412 3.1764052 1.9530186 2.8164702 3.4603933 3.1745016 3.4768981 2.9954236 2.6590195 3.1985065 2.5371995 2.2780257 2.3381684 2.5250891 3.0762569 2.6590195 2.3387090 2.7717787 2.3285267 2.7670868 2.3036999 2.7813375 2.3374473 2.2444324 2.7670868 2.3358232 3.7074609 3.7155284 3.6385810 2.4491669 3.7155284 2.3249705 2.8225288 2.6467478 2.7282691 3.3770075 3.0338534 2.3381684 2.3381684 2.7064952 2.8602976 2.3387090 2.2376573 2.3131416 3.0246787 2.5409013 2.8602976 2.9343629 2.2827123 2.7937050 2.8083412 3.5995942 2.9967575 2.5398464 2.5704234 2.2864725 2.2869435 2.3947861 3.6385810 2.3510650 2.3235999 2.3630782 3.4684348 3.0338534 2.5850824 2.9276515 2.5850824 3.7305260 3.7185148 2.6166766 2.6166766 2.9858691 3.5281072 2.4944494 2.9343629 2.2628387 2.4944494 2.5461254 2.3249705 2.7064952 2.5210307 2.5812054 2.5812054 3.5281072 2.4474006 3.2163439 3.2163439 3.2163439 3.5802512 2.3927231 2.4207701 2.8087213 3.5819107 2.8087213 2.5773656 3.5802512 3.6205806 2.9062226 3.4135009 2.3713226 3.6862311 3.5089268 3.6862311 2.2051946 2.5773656 3.2369452 2.7945916 2.9941804 2.9941804 2.9782057 3.6205806 3.6121510 2.4100277 2.4100277 2.9062226 2.3713226 2.2700286 3.5970246 2.2695891 2.4317067 2.2951184 2.3992631 2.5527075 2.7646824 2.6549961 2.4249554 2.3017437 3.0231902 2.0702283 2.1862720 2.4196432 2.2137167 2.3213198 2.9531549 2.6125783 3.1659433 2.5033128 2.2899317 2.7280464 2.7177563 2.6480544 2.2177013 2.0340370 2.3141626 2.5304414 2.7079334 2.4867113 2.1034544 2.1685588 2.2422781 1.9764477 2.5395148 2.6599759 2.2257727 2.0826886 2.2382405 2.4151957 2.0832366 2.1876182 2.4230040 2.3551676 2.4614229 2.4037164 4.2108200 3.5400809 3.7367432 4.0359392 4.0796135 4.3253425 3.2022514 2.4651001 2.3393196 
AEO93274.1_phage        4.1813024 2.9747667 3.6661992 2.6223014 2.8726910 4.0286715 2.6657398 3.4241347 3.2196644 0.0000000 2.6657398 3.9783113 4.1020755 2.6731291 3.2498361 3.4796098 4.0274418 2.9348683 3.3940473 3.2478210 3.4715907 3.5311782 3.2349542 3.2519889 3.3858877 3.2765846 2.7590829 2.7438625 2.6020516 2.8595228 3.6302730 4.1966958 3.6799806 2.7590829 3.8289533 3.5505805 2.6989286 3.4430221 2.8489133 3.4314397 2.8392251 2.9863919 3.4430221 2.7695673 2.9353052 3.5261210 3.2498361 2.6830693 3.5261210 4.1283969 3.0731488 3.7967747 3.4580281 4.2402127 3.0270482 3.4624494 3.4624494 2.7921523 3.0686938 3.8289533 2.9273851 2.7347915 3.7893961 4.1823856 3.0686938 3.5468301 3.9140284 3.4669545 3.3940473 3.2372370 3.9783113 4.1020755 3.9390766 4.0286715 3.0972642 3.0648976 3.2498361 4.1966917 4.0390674 3.8434804 3.3673073 3.0270482 3.9461800 3.5567266 3.9461800 3.0340266 3.0153453 3.7358214 3.7358214 3.6008845 3.0467315 2.5621376 3.5468301 3.9953120 2.5621376 4.1193862 4.1283969 2.7921523 2.8251269 3.1906300 3.1906300 3.0467315 4.0042990 3.1078109 3.1078109 3.1475910 3.2871857 3.6417040 3.4799138 3.3228838 3.1806578 3.3228838 3.1921781 3.2871857 3.1930664 3.4662818 2.8011409 3.4436601 3.3422964 3.3033027 3.3422964 2.7974505 3.1921781 3.6606515 3.2994838 2.8911820 2.8911820 2.7405788 3.1930664 3.1820589 3.5105888 3.5105888 3.4662818 3.4436601 3.3516584 3.1930664 3.1159166 3.2145395 2.9722350 4.0564096 3.9762746 3.5011848 3.4285162 3.4792332 3.4085200 3.7672987 3.0770225 3.4915822 3.7240247 3.5283556 3.0576020 3.4273554 3.9843635 3.6848125 3.4330740 2.6676651 3.0504813 3.4814514 3.2870450 2.0865714 3.1393835 2.7577099 3.1393954 3.0348723 3.2044072 2.7307025 2.8105494 2.3424619 2.7807535 3.7949220 3.8956351 4.4685241 2.9987265 3.1174889 3.4754559 2.7379042 3.0929224 3.4013899 3.4169130 3.3432841 3.5788973 4.0240578 4.1615699 3.4178314 3.9270409 4.8983537 4.8865633 3.5259198 2.8967195 3.2128383 
AGE60807.1_phage        3.0005500 2.2434999 3.4183611 3.2045151 3.1534148 4.1328281 0.0000010 3.9946184 3.6049597 2.6657398 0.0000000 2.9837383 3.2939461 0.0151898 2.8576808 3.9821645 2.8006566 2.5831910 3.0618868 3.3349174 3.5775566 3.0603413 3.8619593 3.2634934 3.9196060 3.7837785 3.2680062 1.3231758 3.2499858 3.1464634 3.6139453 3.2379635 3.0590278 3.2680062 3.9304417 3.3915138 4.1090618 3.5245428 3.8425592 3.5418427 3.8772003 3.1571607 3.5245428 3.8347713 2.6432639 2.7078404 2.8583269 3.6491054 2.7078404 2.9310234 2.9805863 2.9440175 3.4170835 3.0493135 2.8905753 3.5143649 3.5143649 3.2479887 2.9189719 3.9304417 3.4572510 3.2192140 2.9730437 3.4026978 2.9189719 2.9740508 2.9736563 3.0618868 3.0618868 2.8806726 2.9837383 3.2939461 2.7765860 4.1328281 3.5410164 3.2164967 2.8583269 2.9966990 4.0386393 3.9641159 3.9116522 2.8905753 2.8600423 3.4368821 2.8600423 2.6859470 2.6432639 3.5004609 3.5004609 3.6435752 3.3596830 3.3514089 2.9740508 2.9736563 3.3514089 3.2939461 2.9310234 3.2479887 3.8673896 3.3696593 3.3696593 3.3596830 3.9253333 1.2819474 1.2819474 1.2849303 2.7789063 2.9144684 3.1602038 3.5251974 2.8604575 3.5251974 3.3404143 2.7789063 2.8382114 3.1518175 3.0362228 2.8626605 2.7789063 2.7137626 2.7789063 3.6372180 3.3404143 3.0186891 3.4373891 3.1755759 3.1755759 3.1080358 2.8382114 2.8969995 3.2706738 3.2706738 3.1518175 2.8626605 3.0879341 2.8375772 3.2561627 3.2664679 2.9893277 2.9041644 3.5080462 3.1919362 3.0981555 3.5347411 3.3199589 3.3810252 3.3065036 3.4659604 3.3972254 3.4412357 2.7837848 3.3663493 3.5816945 3.6567396 3.3771643 3.0084877 3.2653675 3.6071384 3.1293262 3.2949638 2.6981371 3.4681238 3.0063731 3.3852450 3.5549696 3.1803095 3.1254025 2.4638178 3.3103840 3.1839055 2.8803251 3.3979894 3.2313058 3.2296361 3.1872102 3.1607640 3.1697488 3.0612266 2.7843656 2.7287461 2.7840796 3.8935385 3.7000118 3.1943994 3.8086874 4.3529553 3.9660438 3.9179062 2.8160489 2.5341052 
ALO79610.1_phage        3.2912311 2.4785870 3.3143206 2.5075454 2.7830242 2.2515083 2.9837383 2.5582111 2.9967575 3.9783113 2.9837383 0.0000000 2.3179749 3.0029281 2.1068624 2.4186267 3.5907619 2.5159458 2.2677548 2.8133156 2.1428274 2.2545185 2.4646114 2.7360506 2.5209863 3.1580724 2.0491959 2.7596365 2.5165731 2.6808004 2.5090341 2.0248476 0.1831116 2.0491959 2.2604085 2.6688789 2.7216151 3.0307827 3.1294896 3.0446528 3.0728937 2.7774713 3.0307827 2.8687689 2.0840425 2.0501376 2.1125310 2.2884805 2.0501376 2.1854891 3.2054049 2.1634982 3.0034128 2.6891805 3.0796969 2.4466807 2.4466807 2.0718395 1.7924142 2.2709265 2.4929817 2.0247886 0.0353454 2.3628977 1.7924142 0.1542276 2.1474878 2.2070798 2.2677548 2.1010605 0.0000010 2.3179749 2.0929558 2.2515083 2.7136455 2.2035595 2.1125310 2.2245207 2.2802160 2.3146488 2.5159484 3.0796969 2.1374701 2.5772682 2.1374701 2.1021252 2.1113728 2.5660044 2.5660044 3.0907208 1.8612570 1.9804678 0.1542276 2.1322917 1.9804678 2.3011577 2.1854891 2.0718395 1.9507722 2.1089205 2.1089205 1.8612570 2.2611417 2.9258814 2.9258814 2.9591401 2.1136261 2.5882938 2.4083509 2.3076340 2.1021066 2.3076340 2.1663227 2.1136261 2.1136023 0.2460910 2.5201586 2.4994640 2.1536020 2.0664613 2.1536020 2.1324218 2.1663227 0.3546596 1.9873504 2.4677234 2.4677234 2.5968715 2.1136023 2.1034115 2.5012404 2.5012404 0.2460910 2.4994640 2.4484499 2.1079215 2.7884781 2.8087247 2.6408072 2.6072639 2.5555033 2.4227309 2.2494621 2.7020258 2.5436593 2.1218243 2.6977419 2.6370104 2.4969604 2.6404632 2.8575421 3.1554042 2.7082709 3.3197622 2.7359327 2.2643667 3.1760766 3.0780942 2.1026981 2.1849481 1.9265890 3.1501765 2.5597109 3.5912732 3.1000631 2.0602913 1.8990443 2.1186036 2.7788943 3.2267357 2.2880771 2.6906702 2.1320061 1.9445215 2.8638600 2.9568993 2.5341794 2.8611481 2.9745329 2.8613953 2.7063812 4.3976886 3.3190386 4.3157188 4.1105307 4.2651890 4.0320080 2.9603361 2.2028268 2.4840679 
ALO79609.1_phage        4.3970477 2.0550212 3.1724402 2.6431851 2.5396106 1.9836747 3.2939461 2.7913736 2.5398464 4.1020755 3.2939461 2.3179749 0.0000000 3.2950414 2.6031780 2.6353310 3.6675380 2.7633914 2.3836461 2.1036564 1.9627761 2.3517362 2.7746031 2.0862282 2.7364753 2.5817212 1.6347970 3.1033265 2.0261510 2.1400973 2.2363331 0.2083962 2.1679296 1.6347970 2.0874710 2.4240694 2.1224781 2.7415601 2.1193159 2.7540931 2.1361563 2.3810941 2.7415601 2.2520665 2.3980369 2.4655032 2.6114489 1.7737686 2.4655032 0.3416517 2.6443132 1.6496724 2.3804336 2.4412061 2.6146839 2.1674035 2.1674035 1.5900737 2.1148343 2.0351176 1.8417445 1.4488115 2.2770026 0.0232042 2.1148343 2.1725700 0.3658014 2.4113347 2.3836461 2.5949861 2.3179749 0.0000010 1.5988685 1.9836747 1.8779297 1.5482949 2.6114489 0.2215576 2.0074861 2.0171706 2.7314780 2.6146839 1.5792186 1.9323152 1.5792186 2.3663080 2.4033855 2.5245199 2.5245199 2.2511997 2.3773024 1.5456636 2.1725700 0.3751808 1.5456636 0.0114494 0.3416517 1.5900737 1.6325700 2.1704172 2.1704172 2.3773024 2.0727689 3.0350274 3.0350274 3.0410634 2.5663122 1.3974804 1.3694044 2.3182943 2.5973553 2.3182943 2.0422929 2.5663122 2.6138628 2.1934754 2.6519091 1.4066336 2.5395422 2.4833628 2.5395422 1.7970157 2.0422929 2.0412184 2.2048867 2.7379526 2.7379526 2.7706513 2.6138628 2.5494055 1.4879097 1.4879097 2.1934754 1.4066336 1.4697432 2.6055693 2.4133971 2.2000576 2.5175729 2.6051952 2.0758501 2.0818814 2.1324908 2.1254284 2.0584237 2.0398972 2.1129554 1.9421589 2.1628118 2.2216253 2.4398279 2.4316588 2.8155360 3.1627618 2.1838519 1.9235601 3.0180945 2.0429976 2.0903107 1.7192376 1.6200554 1.7064124 1.9677134 2.9744159 2.4436641 1.6903787 1.7119841 1.8095899 1.6451382 1.9630244 1.8968315 2.4879516 1.7926080 1.6171261 1.6291904 1.6273688 2.1266362 2.4091833 2.7981372 2.7446389 2.8151968 3.6520450 3.8431244 4.0886533 4.5365481 4.3888010 3.5900720 3.1543781 1.9432315 2.6059951 
AGY46846.1_phage        3.0173398 2.2031908 3.2836923 3.2094020 3.1131789 4.0342841 0.0151898 3.8988639 3.5779668 2.6731291 0.0151898 3.0029281 3.2950414 0.0000000 2.8624373 3.8836826 2.7998333 2.5989275 2.9909307 3.3695132 3.4924997 2.9893408 3.7694543 3.3340836 3.8260433 3.6473651 3.2243149 1.3191510 3.1952647 3.0727510 3.5259843 3.2391719 2.9864490 3.2243149 3.8373665 3.3428744 4.0796058 3.4736124 3.8159663 3.4908444 3.8503452 3.1621243 3.4736124 3.7677922 2.6480449 2.6457920 2.8630849 3.6214210 2.6457920 2.9221276 2.9720961 2.9488764 3.4060153 3.0307684 2.8826568 3.4288621 3.4288621 3.2153702 2.9369335 3.8373665 3.4622445 3.2240825 2.9920763 3.4035878 2.9369335 2.9046727 2.9646181 2.9909307 2.9909307 2.8854086 3.0029281 3.2950414 2.7814145 4.0342841 3.5174379 3.2372571 2.8630849 2.9875066 3.9419914 3.8700800 3.8182791 2.8826568 2.8648197 3.4138329 2.8648197 2.6906924 2.6480449 3.4762268 3.4762268 3.6178125 3.3811959 3.3293682 2.9046727 2.9646181 3.3293682 3.2950414 2.9221276 3.2153702 3.8400715 3.3457627 3.3457627 3.3811959 3.8333003 1.2783253 1.2783253 1.2812852 2.7836941 2.8486559 3.1051516 3.4616165 2.8651969 3.4616165 3.3177067 2.7836941 2.8429731 3.0774473 3.0545665 2.8802008 2.7836941 2.7185882 2.7836941 3.6123554 3.3177067 2.9494250 3.4148973 3.1557354 3.1557354 3.0892385 2.8429731 2.9017204 3.2141337 3.2141337 3.0774473 2.8802008 3.0336079 2.8423374 3.2344969 3.1911090 2.9702053 2.8851706 3.4247391 3.1191960 3.0286320 3.4532164 3.2991139 3.3050547 3.2854975 3.4323234 3.4188168 3.3621623 2.8010048 3.3326781 3.5869221 3.5943308 3.3175329 2.9790766 3.2176598 3.5516566 3.0573202 3.2385426 2.6826432 3.3881170 2.9291859 3.2996550 3.5314207 3.1601558 3.0944902 2.4263390 3.1549869 3.1642155 2.8757587 3.3319745 3.2161576 3.2092253 3.0954347 3.0123696 3.1313074 3.0473638 2.8626678 2.8127743 2.9055830 3.6811091 3.8285743 3.1607950 3.6815059 4.4933219 3.9571785 3.8278780 2.7991286 2.6446720 
AMW62487.1_phage        3.3120052 2.5473468 3.3049010 3.0904082 2.9471893 3.2026039 2.8576808 3.0744048 3.6148345 3.2498361 2.8576808 2.1068624 2.6031780 2.8624373 0.0000000 3.2478290 3.4234326 0.3422258 1.0417908 3.0177566 3.1252002 1.0639825 2.9440527 3.0542592 3.0415734 3.2050244 2.3279818 3.1158935 2.4609657 2.0843337 3.0290767 2.4453750 2.1393470 2.3279818 3.3876819 2.6433924 2.6476257 2.5221124 2.8802143 2.4997527 2.8495679 3.0134949 2.5221124 2.8356879 0.2692771 0.2039577 0.0058406 2.3959971 0.2039577 2.3234724 3.2368961 2.1693563 3.2345389 2.4134397 3.2094586 2.9262359 2.9262359 2.3205067 1.5466389 3.3824220 2.3267286 2.2333022 2.1193494 2.6796801 1.5466389 1.9862502 2.2723391 1.0527115 1.0417908 0.0058207 2.1068624 2.6031780 2.0933855 3.2026039 2.3865951 2.2803582 0.0058406 2.6470207 3.1409235 3.4256634 3.0350891 3.2094586 2.1671893 2.8508418 2.1671893 0.2757708 0.2779357 2.4574593 2.4574593 2.2723295 1.7850100 2.1912505 1.9862502 2.3002931 2.1912505 2.6133363 2.3234724 2.3205067 2.4619879 1.7852659 1.7852659 1.7850100 3.2720582 3.3264831 3.3264831 3.3579504 0.0950470 2.5325879 2.4359396 1.9220414 0.0116674 1.9220414 1.9977802 0.0950470 0.0117075 2.2269241 2.3024931 2.4248897 0.1017633 0.1070268 0.1017633 2.1375229 1.9977802 2.1698569 1.6562854 2.4659774 2.4659774 2.4004942 0.0117075 0.0294385 2.5059759 2.5059759 2.2269241 2.4248897 2.4149572 0.0058256 3.0146201 2.9951735 3.2863237 3.3565946 2.8795440 2.7011869 2.6615869 2.8720341 2.2786738 2.7094777 2.8640419 2.7189612 2.1446989 2.2587675 2.6792599 3.3275659 3.0680304 3.2027382 2.6784204 2.4677513 3.8503179 3.3506084 2.2724925 2.1709912 2.2393800 2.9486555 2.8196048 4.2900992 2.8679295 2.2893841 2.2932206 2.4681744 2.6536585 3.1744740 2.4837233 2.7598568 2.3436432 2.4156970 2.6682754 2.8611988 3.1006733 3.1025362 3.1810185 3.1394231 3.0703298 3.5379471 3.0905897 3.2676897 3.4897115 3.5045113 4.0952875 2.8190177 2.5453814 2.9719619 
QKE56338.1_phage        4.0555896 2.2233820 3.3474104 2.4515645 2.3850043 1.5913437 3.9821645 2.1548099 2.6929836 3.4796098 3.9821645 2.4186267 2.6353310 3.8836826 3.2478290 0.0000000 3.7499323 3.0446954 2.7593569 2.8774578 1.5018155 2.7411351 2.1708375 2.8243667 2.1225783 2.6938186 1.5347862 4.1583245 2.1683898 1.8895671 1.6327539 2.4035369 2.3299344 1.5347862 1.4682272 1.9339234 1.6312286 1.9082494 1.7573233 1.9215089 1.7411561 2.0506131 1.9082494 1.6828646 2.9101436 2.9790694 3.2649116 1.7731048 2.9790694 2.2569789 2.7480979 1.8468944 2.6924074 2.6949026 2.7632641 1.6151245 1.6151245 1.5640045 2.5058651 1.4726930 1.8203388 1.4743213 2.3470235 2.6605811 2.5058651 2.2852224 2.2227768 2.6779980 2.7593569 3.2268973 2.4186267 2.6353310 1.7364809 1.5913437 2.0101727 1.5821636 3.2649116 2.3295399 1.6073121 1.4993115 2.1009347 2.7632641 1.8313598 2.5951768 1.8313598 2.8911941 2.8911560 2.5561504 2.5561504 2.8374668 2.7908428 1.7848865 2.2852224 2.2285454 1.7848865 2.6521487 2.2569789 1.5640045 1.7839967 2.1276042 2.1276042 2.7908428 1.5527736 4.0725766 4.0725766 4.0856507 3.2303320 2.1774856 2.4175393 2.4419462 3.2421931 2.4419462 2.3967864 3.2303320 3.2803416 2.4529681 2.9438940 2.2850518 3.2517480 3.2263421 3.2517480 1.3425889 2.3967864 2.5078795 2.2321472 3.0182163 3.0182163 3.0780066 3.2803416 3.2453109 2.5946508 2.5946508 2.4529681 2.2850518 2.3198131 3.2631618 2.2399509 2.6525017 2.9346616 2.1732075 1.9032659 2.3366026 2.1291918 2.1706513 2.1103051 2.1650773 2.0272488 1.9969857 2.0208082 1.9765174 2.9112768 2.8339921 2.9875273 3.2071935 2.1309359 1.7167324 3.1195585 2.5872900 1.9988768 1.6477903 1.6840660 2.0495302 1.9998941 2.9481829 2.7994633 1.8652361 1.3734233 1.8042732 1.6742769 2.9341297 2.3463547 2.7449785 1.8549168 1.3316707 1.7639364 1.7892359 2.5877959 2.5851803 3.6389849 4.3469368 3.5400289 4.5257814 5.5757689 3.9852666 3.8876832 4.5597416 4.2706268 4.4947060 2.0108053 3.3115147 
QKE56523.1_phage        0.6066624 3.8421554 3.9124258 4.5198927 3.9145488 4.1611085 2.8006566 4.1988904 4.4624314 4.0274418 2.8006566 3.5907619 3.6675380 2.7998333 3.4234326 3.7499323 0.0000000 3.4364358 3.4534358 3.6882976 3.7011456 3.3921541 4.0651711 3.6790901 4.2249631 4.7632162 4.0609539 2.4465112 3.6430870 3.5353638 4.2252855 3.9274504 3.7863261 4.0609539 4.0893142 3.1915455 3.9008466 3.2834480 4.1821937 3.3010584 4.1566893 4.1960015 3.2834480 4.0187683 3.2727037 3.4332386 3.4441347 4.3148880 3.4332386 3.6188422 2.8075727 3.6730876 2.7520703 4.7735402 2.8484510 4.2252855 4.2252855 4.2450934 3.4750075 4.0893142 4.3067989 3.8280649 3.6886544 3.7375439 3.4750075 3.5292507 3.6724934 3.4132589 3.4534358 3.3991477 3.5907619 3.6675380 3.5874859 4.1611085 4.4534715 3.8750771 3.4441347 3.3315119 4.0665684 4.1422732 4.2038406 2.8484510 3.5629784 4.2026607 3.5629784 3.3100551 3.2633431 4.2537652 4.2537652 4.3677549 3.6769179 4.1901060 3.5292507 3.6722113 4.1901060 3.6668756 3.6188422 4.2450934 4.2755161 3.4272808 3.4272808 3.6769179 4.0043624 2.2435856 2.2435856 2.2553139 3.5020880 3.7447104 3.5584854 4.2974429 3.4048982 4.2974429 4.0109081 3.5020880 3.4500276 3.8146987 3.9163595 3.7010107 3.4102149 3.4756048 3.4102149 3.9176850 4.0109081 3.6305525 3.5084693 4.2181921 4.2181921 4.0893802 3.4500276 3.4372693 3.7031263 3.7031263 3.8146987 3.7010107 3.4845217 3.4292438 4.3826302 4.1016904 3.7054879 4.0934282 3.9929151 4.5326063 3.9439243 4.0274959 3.8018762 4.2862781 3.6968183 3.6275116 3.5585645 3.7149365 4.0516081 4.4322945 4.0481900 3.5811762 3.4818137 3.7863837 3.9633176 4.0277574 3.8448879 3.8427482 4.1814560 3.3864399 3.6613665 3.7208982 4.0981353 3.6368235 3.8211270 3.6797831 2.9979770 3.7925873 3.6901670 3.8438823 3.6104060 3.9717187 2.9873481 3.0873089 3.1852449 4.1224954 3.5891836 3.7580006 3.7131580 4.8248575 4.2088137 4.5537729 5.3542126 6.0809816 5.3956701 3.9430412 4.3138650 3.5655775 
ADH03291.1_phage        3.2656133 2.3993934 3.5630613 2.9651170 3.0624379 3.1440106 2.5831910 3.6436008 3.9748097 2.9348683 2.5831910 2.5159458 2.7633914 2.5989275 0.3422258 3.0446954 3.4364358 0.0000000 1.1960993 2.7481910 3.0054642 1.2211868 3.4454213 2.7932199 3.6054720 3.4069923 2.4595392 3.1104142 2.6124252 2.1023944 2.8874481 2.6226922 2.3990041 2.4595392 3.1283043 2.8038433 2.7146725 2.7952274 2.8330413 2.7876086 2.8030469 3.4448136 2.7952274 2.9052163 0.2858441 0.3106685 0.3430312 2.3505018 0.3106685 2.4813034 3.4007574 2.4873204 3.5409104 2.5140958 3.3831980 2.7897296 2.7897296 2.4662238 1.6825586 3.1231229 2.3644377 2.2913309 2.5646047 2.8443813 1.6825586 2.3758985 2.3689621 1.2082236 1.1960993 0.3499483 2.5159458 2.7633914 2.4537017 3.1440106 2.2866448 2.3895691 0.3430312 2.9159992 3.0838175 3.0287598 3.5805228 3.3831980 2.4816766 2.9757042 2.4816766 0.2833775 0.2946914 2.6919730 2.6919730 2.5775111 1.9459159 2.1538033 2.3758985 2.3931605 2.1538033 2.7729409 2.4813034 2.4662238 2.4629609 1.8474027 1.8474027 1.9459159 3.0435064 3.1450934 3.1450934 3.1698902 0.3539785 2.6280062 2.5201357 2.0521785 0.3411237 2.0521785 2.1144800 0.3539785 0.3342176 2.6870059 2.1764694 2.4836982 0.3571060 0.3530153 0.3571060 2.1383425 2.1144800 2.4442295 1.7044637 2.3729017 2.3729017 2.2439604 0.3342176 0.3427370 2.5937482 2.5937482 2.6870059 2.4836982 2.4824446 0.3334308 2.8144043 3.0730016 3.0229987 3.5874142 3.0897526 2.6677414 2.5017217 2.8255993 2.3695486 2.9274964 2.8260206 2.6992116 2.4306470 2.4058314 2.5600731 3.3483660 3.3507484 3.6516170 2.7702077 2.7595999 3.8714250 3.4420741 2.4551571 2.0531347 2.1043557 2.6377819 2.7499420 4.1975749 2.9298893 2.2107412 2.4120229 2.6270018 2.2814752 2.9798218 2.6570432 3.1866685 2.1549334 2.5252304 2.4402242 2.3887028 3.1983910 3.0392742 3.4415276 3.4132629 3.2934290 3.4997325 3.1415254 2.9767025 3.3163941 3.6504901 4.0249731 3.2197799 2.7183221 3.1439744 
AMW61966.1_phage        3.4863130 2.2765328 3.9998975 2.4570204 2.5270715 2.8766843 3.0618868 3.1264590 2.8083412 3.3940473 3.0618868 2.2677548 2.3836461 2.9909307 1.0417908 2.7593569 3.4534358 1.1960993 0.0000000 2.6858800 2.8685181 0.0118683 3.0102188 2.7481648 3.0657584 3.4200875 2.1178416 2.9453456 2.6460219 2.0003028 2.6475426 2.2834913 2.3707193 2.1178416 3.0641701 2.7283271 2.6249274 2.8770321 2.8017424 2.8855083 2.7725144 3.1756777 2.8770321 2.6617151 1.0382350 1.1502748 1.0413937 2.2688615 1.1502748 2.2426210 3.3298544 2.2161646 3.1930161 2.2122079 3.2988170 2.5576649 2.5576649 2.1784057 1.1903908 3.0316723 2.0796211 1.9062487 2.3490181 2.4280009 1.1903908 2.0582697 2.2161355 0.0118764 0.0000010 1.0529975 2.2677548 2.3836461 2.1808702 2.8766843 2.4759445 1.9725532 1.0413937 2.3522005 2.9220239 2.9269038 3.0594276 3.2988170 2.1862661 2.4429760 2.1862661 1.0539870 1.0609724 2.3177950 2.3177950 2.2012629 1.9369667 2.1574276 2.0582697 2.1726334 2.1574276 2.3689745 2.2426210 2.1784057 2.2855790 1.7712660 1.7712660 1.9369667 2.9631294 3.3994498 3.3994498 3.4333775 1.0141945 2.1192234 2.5465506 2.2284326 1.0407708 2.2284326 2.2277712 1.0141945 1.0292163 2.2165812 2.2997125 2.2018938 1.0325767 1.0268365 1.0325767 1.9936268 2.2277712 2.4878605 1.6720208 2.2421093 2.2421093 2.4171969 1.0292163 1.0451153 2.5691783 2.5691783 2.2165812 2.2018938 2.4536795 1.0296177 2.8788479 3.0902298 3.1730266 3.1719976 2.7801737 2.5696928 2.4119521 2.6684820 2.2791002 2.6141127 2.6493738 2.6996681 2.2369387 2.2045759 2.6150240 3.1066323 3.0893536 2.9990502 2.7538149 2.2188988 3.1567204 2.6686811 2.1061369 2.0136526 2.0441561 2.4614231 2.6745109 3.3142703 2.7936437 2.3109537 2.1440557 2.2431633 2.4443309 2.8863249 2.4098708 2.9142725 2.2803028 2.3342911 2.2144436 2.5438848 2.1939891 2.8454105 3.0759666 3.1019439 2.5219444 3.4868845 2.9341186 3.5918749 4.2777280 3.9171812 4.0382122 3.1740988 2.2274693 2.5629182 
QDP43184.1_phage        3.7402670 2.3517335 2.8902351 2.6424117 2.7570020 3.0693460 3.3349174 2.8758132 3.1764052 3.2478210 3.3349174 2.8133156 2.1036564 3.3695132 3.0177566 2.8774578 3.6882976 2.7481910 2.6858800 0.0000000 2.9739843 2.7114790 2.7792642 0.0606290 2.8196630 3.1700317 1.8043685 2.9833620 2.3227666 2.2379834 2.9150711 2.0707959 2.8126175 1.8043685 3.0727585 3.5474794 2.6289605 3.3451174 2.8089909 3.3661693 2.7598099 3.2260811 3.3451174 2.9703773 2.9160478 2.9940861 3.0275797 2.1098177 2.9940861 2.0536347 3.3091249 2.1438810 3.3459527 3.0184135 3.4209437 2.8415504 2.8415504 1.8343581 2.6287150 3.0883823 2.2407746 1.7810852 2.7440217 2.1464085 2.6287150 2.5726338 2.0794576 2.7292758 2.6858800 2.9980309 2.8133156 2.1036564 1.9829700 3.0693460 2.1366378 2.1605713 3.0275797 2.0054304 3.1226856 2.9441731 2.7944670 3.4209437 2.0358865 1.1898921 2.0358865 2.9591481 2.9958604 3.2132451 3.2132451 3.0547016 2.7454471 2.0707593 2.5726338 2.0458602 2.0707593 2.0940693 2.0536347 1.8343581 1.9058539 2.6153184 2.6153184 2.7454471 3.1349187 2.8086390 2.8086390 2.8422231 3.0153934 2.4476576 1.9854461 2.4507105 3.0117056 2.4507105 2.3141409 3.0153934 3.0413315 2.7527773 2.9590519 2.3446848 3.0220408 2.9708312 3.0220408 2.4439558 2.3141409 2.5895752 2.4835042 2.8626443 2.8626443 2.8405876 3.0413315 3.0397822 2.2282694 2.2282694 2.7527773 2.3446848 2.0037134 3.0314633 2.6440498 2.4204581 2.4175371 3.7074407 3.0448277 2.7797229 2.7426519 2.5215619 2.2215356 2.8999351 2.8082063 2.6282770 2.3062770 2.3102455 2.4374206 2.5656409 3.5673004 3.5664561 2.8132148 2.4202642 3.0446740 2.7859086 2.9155179 2.0823006 2.0397788 2.3021604 2.3823270 3.0984652 2.3619900 2.1050137 2.3174617 2.4086379 2.0656726 2.6435660 2.4283562 3.4693131 2.2056935 2.3228710 2.3792541 2.3126046 2.5174579 2.4015699 3.2941937 3.7621527 3.3380772 3.2244740 3.9797923 3.6273429 4.3364050 4.0146915 3.1628106 3.2064643 2.6332623 3.0728356 
