190
BAK53012.1_phage        0.0000000 4.2677163 4.6999426 4.3519148 4.0061180 5.3091917 3.0271091 4.6359949 5.8671890 4.2246776 3.0271091 3.3256267 4.4562921 3.0440639 3.3471180 4.1095226 0.6087147 3.2991930 3.5234234 3.7800084 4.5499890 3.5540811 4.3271237 3.7547731 4.5894306 6.0335998 5.0336090 2.5830562 4.0860503 4.0304738 4.1607131 4.4620638 3.6128245 5.0336090 4.7401292 3.5106849 4.7183700 3.3676728 4.8234774 3.3926234 4.8094448 4.6571657 3.3676728 4.6016841 3.2342064 3.3947774 3.2858643 5.2981363 3.3947774 4.3488284 3.4380840 3.6773567 3.4079625 5.4938609 3.4197561 4.1607131 4.1607131 5.1967930 3.3369016 4.7401292 4.6628292 4.4286111 3.5117896 4.5223175 3.3369016 3.3084623 4.5261234 3.4808495 3.5234234 3.3636352 3.3256267 4.4562921 3.5952027 5.3091917 4.4394136 4.4020076 3.2858643 3.9529458 5.1835243 4.9446358 4.5653617 3.4197561 3.7055704 4.1875424 3.7055704 3.2727327 3.2265412 4.7865874 4.7865874 4.7000105 4.0522397 4.6374886 3.3084623 4.4983034 4.6374886 4.4317754 4.3488284 5.1967930 4.9119052 3.7575159 3.7575159 4.0522397 4.9719719 2.1490686 2.1490686 2.1595905 3.4529290 4.0880989 3.9092006 4.3930562 3.3823037 4.3930562 4.2048205 3.4529290 3.3040962 3.8148708 4.7064481 3.8886034 3.4807307 3.4259229 3.4807307 5.0449351 4.2048205 3.5520349 4.0380937 5.1058457 5.1058457 5.0139614 3.3040962 3.3609541 3.9578305 3.9578305 3.8148708 3.8886034 3.8051974 3.3657325 4.7849774 3.8890869 3.3845927 4.2824581 4.4534091 3.8349024 4.0484983 3.8784701 4.1689048 3.8992430 4.2359340 4.4006800 3.3058065 3.7091657 4.3558366 3.8280991 3.7478264 4.1341623 3.6737048 4.0130100 3.6994949 4.4001734 3.9045888 3.8084049 4.4201412 3.4171784 3.5946196 3.9873830 3.9410181 4.1991177 4.3645662 4.3758466 3.4313079 4.2293172 4.0525290 3.9680228 4.1650627 4.4868491 3.1925025 3.3633405 3.4470591 4.3091092 4.2140637 3.6421964 3.4909787 5.1666379 3.9127832 4.9489666 5.0581521 5.1183221 4.8380156 4.1986792 4.9285127 3.5479542 
AGH27928.1_phage        4.2677163 0.0000000 2.9423262 2.0598009 1.1886764 2.3736881 2.2628377 2.3820296 2.3096785 3.0045870 2.2628377 2.5019407 2.0710022 2.2220881 2.5708744 2.2437670 3.8868283 2.4208304 2.2953479 2.3730124 2.1360659 2.2959551 2.2261333 2.4096557 2.3408931 2.4938406 1.9966678 2.7087791 1.7049369 2.0089096 1.9008610 2.0187499 2.5061098 1.9966678 2.3280548 2.0799112 2.0608101 2.2781716 2.0570587 2.3105189 2.0163566 1.9148838 2.2781716 2.0257200 2.1268534 2.5087746 2.5809506 1.7579402 2.5087746 1.9036895 3.0186563 2.0757948 2.8734891 2.4064167 3.0283551 1.9008610 1.9008610 1.9739068 2.5171904 2.3280548 1.9419228 1.7480367 2.5120319 2.0710022 2.5171904 2.2570439 1.8766199 2.3247516 2.2953479 2.5608631 2.5019407 2.0710022 1.9722391 2.3736881 1.9702225 1.7811149 2.5809506 1.9614593 2.3699903 2.2502020 2.3148597 3.0283551 2.0419881 1.9861122 2.0419881 2.1404965 2.1282315 2.3106624 2.3106624 2.4370189 2.3905891 1.6898759 2.2570439 1.8761707 1.6898759 2.0710022 1.9036895 1.9739068 1.8723469 2.0368526 2.0368526 2.3905891 2.3278100 3.0127261 3.0127261 3.0127261 2.5698680 1.8123668 1.9363178 1.9282218 2.5658742 1.9282218 1.8843021 2.5698680 2.5860559 2.4088208 2.6518665 1.8845776 2.5698680 2.6104001 2.5698680 1.8420179 1.8843021 2.5377275 2.0595732 2.8985149 2.8985149 2.9063156 2.5860559 2.5514832 1.9543022 1.9543022 2.4088208 1.8845776 1.7802624 2.5759323 2.5275706 2.4692978 2.7178570 2.0580779 1.9940589 1.7689606 2.1217671 1.9991746 1.8531057 1.9395701 1.9335901 2.0160060 1.9080841 1.8293070 2.2695288 2.5313368 2.1644147 2.2917035 2.1281507 2.2274066 2.9441905 2.7582440 1.5700792 1.7356090 1.6616550 1.7835084 2.2108898 3.1506198 2.5990642 1.7159231 1.7716423 1.8830559 1.5613660 2.6060251 2.0997912 2.3022507 1.6691588 1.8893393 1.9198915 1.5975836 2.3577338 2.5095995 2.9169190 3.1545098 3.2082689 3.2010930 3.5291206 2.8167437 3.5663775 3.7476255 3.7802372 3.5054878 1.9026963 2.8153877 
ADL40344.1_phage        4.6999426 2.9423262 0.0000000 3.7908895 3.9256964 3.4858083 3.4533696 2.6632443 3.4138207 3.7056719 3.4533696 3.3506065 3.2075765 3.3165335 3.3392800 3.3844776 3.9542392 3.5989072 4.0396809 2.9174822 3.4300415 4.0524194 2.6824424 3.1030230 2.6593722 2.7604716 2.8104417 3.8514592 2.6076774 3.5936355 3.2018771 3.0042033 3.4895830 2.8104417 3.5788231 3.4035007 3.2071603 3.6317236 3.6169286 3.6625400 3.6592016 2.9980234 3.6317236 3.2386567 3.6374032 3.6040239 3.3392800 3.1719795 3.6040239 3.0157436 3.9590790 3.2204599 3.5360732 4.0026860 3.8842257 3.1395028 3.1395028 2.5826106 3.5940198 3.5788231 3.4755897 3.0010589 3.2996901 3.2147736 3.5940198 3.3230161 2.9244230 4.0609662 4.0396809 3.3705964 3.3506065 3.2075765 3.2971712 3.4858083 3.4275840 2.8363192 3.3392800 3.0868124 3.3946945 3.6008302 2.6323224 3.8842257 3.3433937 3.2637637 3.3433937 3.6539019 3.6424057 3.2508300 3.2508300 3.3249425 3.6595457 3.2414351 3.3230161 2.9280690 3.2414351 3.2075765 3.0157436 2.5826106 3.0137266 3.5706548 3.5706548 3.6595457 3.7283851 3.5308369 3.5308369 3.5985376 3.4383511 2.5329156 2.4619467 3.3345936 3.3922230 3.3345936 3.0369873 3.4383511 3.3608158 3.4287134 3.0979997 2.4758579 3.4383511 3.4281772 3.4383511 3.0556789 3.0369873 3.3753113 3.5192896 2.9747130 2.9747130 2.9725598 3.3608158 3.3916582 2.6170591 2.6170591 3.4287134 2.4758579 2.5779455 3.3608158 3.3274473 2.8103994 2.8873584 4.1501303 3.9631160 3.2211607 3.4961653 3.6463805 3.8673111 3.2441016 3.3876666 3.2835325 3.9748853 4.1278339 2.3232346 3.6354403 4.5468731 5.5301952 3.7935192 3.3780693 3.6810994 3.7345626 3.3804035 3.0887341 3.1051794 2.9817147 2.4599128 3.7952619 3.0110972 2.8890140 2.7787256 3.1212747 2.8812485 2.7749768 3.1342013 4.4957111 2.9116046 2.7318378 3.3294634 2.7911026 2.4935438 3.0354509 3.9230006 3.9210369 4.2741926 3.2591092 5.0302742 5.1656996 3.7273553 5.4165362 3.8108526 3.4163227 3.0587235 4.0126487 
ADL40362.1_phage        4.3519148 2.0598009 3.7908895 0.0000000 2.3956054 2.6332954 3.2386714 2.5990928 2.9785781 2.6450682 3.2386714 2.5326486 2.6678097 3.2435489 3.1215964 2.4746723 4.5764905 2.9939609 2.4792524 2.6674698 2.7544817 2.4817404 2.5128866 2.7511813 2.5591104 2.8192762 2.6489726 3.2603987 2.1722171 2.2547059 2.6721070 2.6294171 2.4636056 2.6489726 2.4981794 2.5228212 2.6587414 2.8862888 2.7341462 2.9093219 2.6974246 2.5670380 2.8862888 2.6651003 2.7996689 3.2136946 3.0604957 2.7976270 3.2136946 2.4377771 3.4839948 2.4383195 3.5053437 2.5310204 3.3019198 2.6721070 2.6721070 2.6348505 2.4903554 2.4981794 2.3144537 2.5638845 2.7397257 2.6678097 2.4903554 2.4827273 2.3282208 2.4792524 2.4792524 3.1482406 2.5326486 2.6678097 2.4882242 2.6332954 2.5774196 2.4294483 3.0604957 2.6004798 2.6810622 2.5584646 2.5482431 3.3019198 2.4887504 2.1537134 2.4887504 2.7998210 2.7996689 2.7332357 2.7332357 2.5725954 2.4407023 2.8198375 2.4827273 2.3282208 2.8198375 2.6678097 2.4377771 2.6348505 2.9947552 2.3130753 2.3130753 2.4407023 2.5397408 3.6334341 3.6334341 3.6334341 3.3229746 2.1426734 2.3544544 2.3483771 3.1670481 2.3483771 2.2659933 3.3229746 3.0787595 2.6661420 2.9333044 2.0951018 3.3229746 3.2594396 3.3229746 2.4253795 2.2659933 2.5209727 2.4731906 2.8916278 2.8916278 2.8345969 3.0787595 3.1137864 2.4430211 2.4430211 2.6661420 2.0951018 2.2799467 3.1402896 2.0563644 2.8130243 2.1525746 2.7023808 2.4071727 2.7944251 2.5818914 2.2199265 1.9662310 2.7400472 2.2944751 2.2411914 2.4177971 2.1216759 2.3862633 2.6636051 2.9155073 2.5255233 2.5251158 2.5655328 3.0255894 2.5534257 2.5278490 2.1264063 2.0782805 2.1304158 1.7320677 2.8032448 2.0799597 2.4159621 2.1341979 2.4765034 2.3042039 2.8792524 3.0215762 2.9927913 2.3426364 2.2437416 2.0649856 2.2720477 3.1361680 2.1743288 4.0399342 4.1637770 3.7728932 3.9743552 3.4564868 3.7478052 4.1675989 3.5181660 3.1271287 3.4073363 2.6445546 3.4429989 
AAL96802.1_phage        4.0061180 1.1886764 3.9256964 2.3956054 0.0000000 2.8458195 3.1872381 2.6370133 3.1450760 2.8998384 3.1872381 2.8107675 2.5624653 3.1466927 2.9765196 2.4043403 3.9568634 3.0933931 2.5501444 2.7826825 2.6562846 2.5827947 2.4928933 2.7916927 2.5816168 2.8570462 1.7781010 3.4991059 1.8087232 2.4943872 2.6306909 2.3609705 2.8056800 1.7781010 2.8355119 2.6651396 2.7358273 2.9209654 2.8500314 2.9436088 2.7876856 2.0680555 2.9209654 2.6286309 2.8296480 2.9150922 2.9772331 1.7953326 2.9150922 2.5023055 3.9076225 2.1231301 3.6618692 3.4770640 3.4775511 2.6306909 2.6306909 1.7248174 2.5290582 2.8355119 2.3430128 1.8373748 2.6719430 2.5624653 2.5290582 2.4433253 2.3866889 2.5732376 2.5501444 2.9517319 2.8107675 2.5624653 2.0803459 2.8458195 2.3459747 1.9664173 2.9772331 2.3735962 2.8451981 2.7582260 2.5762357 3.4775511 2.1728449 2.4471896 2.1728449 2.8469662 2.8323829 3.8306969 3.8306969 3.2637723 2.7922127 2.0207016 2.4433253 2.3877198 2.0207016 2.5624653 2.5023055 1.7248174 2.1417668 2.4584392 2.4584392 2.7922127 2.9754239 3.5301025 3.5301025 3.5301025 2.9833692 2.1431923 2.1175284 2.4986507 2.9682064 2.4986507 2.2634681 2.9833692 2.9937706 2.7675806 3.1810472 2.1701224 2.9833692 3.0331001 2.9833692 2.2461769 2.2634681 2.7374309 2.2794803 3.4437177 3.4437177 3.4373059 2.9937706 2.9932576 2.1578283 2.1578283 2.7675806 2.1701224 2.1041351 2.9930483 3.0214368 2.7189980 3.0720564 2.4363753 1.8065865 1.9517917 2.3859210 2.6422743 2.1649110 2.1766079 2.3416580 2.2984836 2.2563854 2.1970181 2.9825686 3.1398655 2.2117890 2.8640713 2.2251129 2.2512875 2.8479694 3.1735169 2.0150854 1.9913219 1.9350938 1.8393457 2.6939946 2.6970533 2.8809835 2.1805982 1.9921001 2.1422016 1.6989936 3.1650631 2.8596800 3.4094523 2.1930704 1.9410730 2.0940594 1.7215527 2.1309274 3.1259617 3.2415411 3.7644283 3.3171806 4.0821304 3.4036736 3.2149552 4.0793273 3.8607098 4.2389598 3.3028753 2.1094451 3.1882566 
ABC40436.1_phage        5.3091917 2.3736881 3.4858083 2.6332954 2.8458195 0.0000000 4.1832811 2.5166697 2.3050798 4.0679697 4.1832811 2.2705219 1.9997403 4.0825664 3.2332148 1.6028316 4.2066467 3.1755238 2.9018323 3.0990168 0.2792405 2.8387469 2.5224591 2.9615908 2.4874538 2.6992554 1.7678242 3.9019447 1.9912686 2.1415041 1.0470232 1.8546443 2.2385455 1.7678242 0.1043526 2.5909958 1.7473955 2.6915961 1.9472719 2.7088968 1.9287345 2.2707498 2.6915961 1.8373979 2.9953455 3.1885431 3.2492577 1.7312767 3.1885431 1.8400215 3.2828656 1.8838364 3.0908983 3.2462672 3.3021462 1.0140046 1.0140046 1.7972146 2.5194529 0.0972038 2.1770768 1.6553416 2.2557080 1.9279780 2.5194529 2.3053842 1.8530534 2.8671565 2.9018323 3.2536150 2.2705219 1.9997403 1.8216668 0.0000010 2.1238328 1.6450388 3.2492577 1.9479909 0.0000010 0.1360139 2.4633273 3.3021462 1.8643652 3.0481796 1.8643652 2.8785448 2.9593248 2.9886949 2.9886949 3.3564611 2.5230465 1.9186436 2.3053842 1.8530700 1.9186436 1.9808032 1.8400215 1.7972146 1.7869326 2.0386867 2.0386867 2.5230465 0.0719926 4.2135479 4.2135479 4.2326653 3.3898482 1.9333845 2.0814607 2.6216732 3.2681865 2.6216732 2.7037382 3.3898482 3.2638481 2.3595614 2.8997408 2.0340718 3.3546003 3.4045717 3.3546003 1.5222684 2.7037382 2.3494996 2.1831450 3.0246698 3.0246698 3.0777588 3.2638481 3.2792330 2.1706705 2.1706705 2.3595614 2.0340718 1.9149227 3.2477189 2.1433350 2.5165113 3.1170277 2.4032706 2.4863996 1.7550070 1.6859068 1.9597964 1.8384108 1.7083978 1.9014179 1.9047199 1.8924703 1.7340682 2.8760435 2.9129230 3.1207357 3.0724919 1.9672982 2.2196395 3.2576298 2.5170437 2.1064781 1.8693678 1.6047114 2.1468610 2.7619231 3.4657470 2.6501726 1.7369960 1.5425455 1.9925775 1.8991888 2.5722305 2.6785763 2.9559851 1.8552388 1.6457059 2.1367494 2.0639220 2.9715598 2.4498654 3.4315625 2.9650619 3.0985040 4.0778853 4.7249474 4.5876712 3.8460697 6.1366991 4.1592355 3.9037179 2.1784380 2.9825246 
AGE60961.1_phage        3.0271091 2.2628377 3.4533696 3.2386714 3.1872381 4.1832811 0.0000000 4.0426345 3.6457710 2.6926040 0.0000010 3.0142818 3.3286318 0.0151923 2.8877712 4.0314151 2.8253177 2.6063851 3.0930515 3.3677257 3.6191072 3.0915298 3.9077608 3.2944463 3.9669654 3.8286985 3.3045694 1.3310703 3.2853368 3.1820084 3.6548139 3.2732138 3.0918307 3.3045694 3.9771648 3.4297192 4.1596238 3.5628478 3.8858023 3.5802169 3.9205929 3.1906220 3.5628478 3.8795639 2.6695723 2.7360671 2.8884283 3.6922077 2.7360671 2.9596189 3.0085678 2.9745927 3.4546671 3.0818343 2.9180269 3.5532529 3.5532529 3.2842347 2.9493875 3.9771648 3.4969178 3.2551016 3.0032409 3.4391331 2.9493875 3.0053982 3.0038787 3.0930515 3.0930515 2.9110333 3.0142818 3.3286318 2.8038422 4.1832811 3.5827292 3.2505482 2.8884283 3.0255974 4.0877231 4.0127065 3.9588859 2.9180269 2.8887538 3.4729037 2.8887538 2.7129245 2.6695723 3.5398071 3.5398071 3.6836678 3.3961282 3.3869111 3.0053982 3.0038787 3.3869111 3.3286318 2.9596189 3.2842347 3.9121806 3.4048798 3.4048798 3.3961282 3.9730498 1.2897321 1.2897321 1.2928002 2.8081350 2.9459509 3.1936369 3.5638262 2.8906309 3.5638262 3.3753655 2.8081350 2.8681261 3.1858703 3.0691581 2.8931503 2.8081350 2.7419678 2.8081350 3.6807310 3.3753655 3.0499472 3.4721134 3.2116081 3.2116081 3.1435324 2.8681261 2.9275554 3.3062370 3.3062370 3.1858703 2.8931503 3.1198348 2.8674803 3.2878959 3.2978185 3.0178615 2.9344519 3.5508723 3.2262025 3.1298113 3.5751544 3.3571182 3.4186362 3.3438547 3.5067896 3.4351170 3.4803421 2.8085793 3.4015818 3.6228068 3.7011218 3.4161903 3.0396155 3.2974332 3.6424051 3.1629970 3.3304597 2.7242318 3.5027108 3.0365774 3.4222567 3.5920375 3.2146204 3.1587894 2.4871388 3.3446411 3.2163195 2.9087856 3.4328591 3.2662334 3.2645544 3.2191444 3.1921653 3.2017147 3.0900980 2.8124015 2.7544768 2.8115161 3.9388678 3.7392002 3.2274650 3.8502955 4.4047007 4.0104585 3.9667984 2.8426840 2.5583910 
ACI90961.1_phage        4.6359949 2.3820296 2.6632443 2.5990928 2.6370133 2.5166697 4.0426345 0.0000000 3.5119877 3.4578575 4.0426345 2.5819134 2.8189155 3.9444058 3.1046489 2.1728175 4.2497716 3.6831081 3.1561296 2.9030176 2.2292491 3.1999320 0.0868955 3.0388200 0.0222098 1.2796113 2.1961509 4.5126164 2.4782855 2.6926371 2.7546697 2.5958854 2.6172287 2.1961509 2.4636048 2.9250437 2.5660962 3.0099459 2.8626896 3.0342822 2.7981618 2.5302688 3.0099459 2.7799937 3.3226561 3.2129494 3.1143577 2.1985579 3.2129494 2.7233042 4.1760628 2.8728555 3.9823462 3.8283094 4.0627390 2.6577015 2.6577015 2.1407789 2.5821514 2.4636048 2.4812791 2.1141323 2.6287093 2.9142203 2.5821514 2.6202800 2.5794944 3.1561296 3.1561296 3.1174532 2.5819134 2.8189155 2.6789812 2.5166697 2.5112816 2.2540436 3.1143577 2.6871616 2.5137374 2.4324007 0.0147782 4.0627390 2.7460221 3.4155197 2.7460221 3.3399389 3.3226561 3.0757811 3.0757811 3.2699243 3.0778234 2.2502736 2.6202800 2.5794944 2.2502736 2.8189155 2.7233042 2.1407789 2.4169413 2.1742125 2.1742125 3.0778234 2.5514203 3.8430999 3.8430999 3.9674532 2.9973503 2.5975688 2.5675791 2.7110505 3.1364865 2.7110505 2.8558268 2.9973503 3.1333692 2.6812352 3.5750853 2.6376094 2.9973503 2.9869927 2.9973503 2.3821583 2.8558268 2.6702118 2.3472777 3.6114117 3.6114117 3.5548172 3.1333692 3.1381738 2.7637773 2.7637773 2.6812352 2.6376094 2.5592138 3.1236104 3.2456699 2.5630164 2.8769851 3.0419475 2.6827472 2.6516994 2.6607023 2.5491723 2.4634706 2.3648687 2.6485187 2.7498002 2.0738075 2.3498152 2.4714625 4.2192966 3.2633531 2.8662219 2.3273833 2.8718413 4.2151282 3.9161181 2.3968041 2.2908279 2.0961703 2.6000560 2.7677761 4.1970347 3.4021373 2.0909081 2.1379419 2.6394048 2.4804953 3.1524283 3.1118119 3.3182492 2.1480388 1.9663818 2.3562487 2.6185340 3.0381564 3.5066826 4.3296361 4.1717306 4.4283693 3.5708151 5.7784146 4.2425478 3.8594718 3.9405196 4.3147300 3.9690116 2.9171465 4.1631271 
AEO93340.1_phage        5.8671890 2.3096785 3.4138207 2.9785781 3.1450760 2.3050798 3.6457710 3.5119877 0.0000000 3.2509792 3.6457710 3.0263389 2.5609516 3.6185029 3.6554544 2.7177617 4.5145873 4.0213652 2.8349899 3.2088183 1.9684878 2.8432171 3.4940728 3.2072285 3.5106661 3.0271835 2.6833698 3.2309081 2.5595355 2.2970932 2.3584412 2.5466167 3.1078335 2.6833698 2.3573535 2.7969079 2.3470895 2.7913863 2.3225675 2.8056373 2.3564770 2.2630463 2.7913863 2.3548458 3.7491646 3.7570287 3.6793885 2.4706213 3.7570287 2.3447620 2.8512379 2.6729586 2.7561594 3.4148028 3.0655749 2.3584412 2.3584412 2.7314133 2.8875191 2.3573535 2.2555965 2.3335442 3.0541064 2.5619971 2.8875191 2.9616952 2.3022918 2.8203307 2.8349899 3.6399737 3.0263389 2.5609516 2.5953336 2.3050798 2.3058436 2.4156709 3.6793885 2.3712809 2.3426609 2.3823519 3.5021233 3.0655749 2.6097104 2.9568662 2.6097104 3.7724514 3.7603430 2.6447309 2.6447309 3.0169507 3.5659705 2.5169973 2.9616952 2.2822823 2.5169973 2.5672408 2.3447620 2.7314133 2.5428771 2.6034950 2.6034950 3.5659705 2.4681597 3.2501577 3.2501577 3.2501577 3.6197252 2.4145122 2.4429586 2.8339216 3.6221551 2.8339216 2.6003163 3.6197252 3.6612553 2.9342815 3.4486126 2.3926233 3.7276627 3.5470952 3.7276627 2.2236454 2.6003163 3.2705865 2.8194590 3.0220268 3.0220268 3.0063754 3.6612553 3.6524747 2.4328325 2.4328325 2.9342815 2.3926233 2.2906676 3.6375094 2.2885478 2.4532079 2.3143306 2.4206243 2.5772140 2.7898273 2.6781453 2.4459475 2.3216621 3.0523362 2.0877692 2.2055359 2.4412730 2.2329647 2.3413494 2.9821661 2.6380764 3.1969804 2.5265506 2.3089962 2.7541886 2.7418639 2.6704077 2.2351404 2.0506125 2.3342535 2.5526564 2.7324820 2.5079417 2.1212434 2.1862595 2.2608763 1.9921885 2.5619991 2.6845293 2.2453938 2.1010016 2.2571219 2.4354525 2.1002751 2.2080177 2.4436460 2.3755189 2.4821857 2.4242042 4.2605157 3.5791590 3.7767155 4.0858697 4.1220813 4.3782486 3.2319172 2.4858202 2.3591326 
AEO93274.1_phage        4.2246776 3.0045870 3.7056719 2.6450682 2.8998384 4.0679697 2.6926040 3.4578575 3.2509792 0.0000000 2.6926040 4.0245783 4.1523789 2.6999961 3.2853310 3.5157738 4.0725941 2.9646363 3.4313353 3.2810346 3.5035125 3.5715198 3.2666058 3.2853801 3.4189959 3.3105894 2.7852211 2.7681945 2.6274040 2.8863328 3.6671669 4.2488090 3.7212451 2.7852211 3.8673596 3.5850931 2.7223021 3.4740052 2.8753324 3.4623743 2.8656129 3.0145011 3.4740052 2.7944373 2.9663148 3.5660449 3.2853310 2.7085443 3.5660449 4.1776141 3.1056058 3.8403918 3.4953174 4.2938635 3.0585408 3.4975603 3.4975603 2.8184829 3.1024951 3.8673596 2.9548200 2.7604377 3.8323385 4.2337497 3.1024951 3.5865695 3.9578264 3.5056244 3.4313353 3.2725364 4.0245783 4.1523789 3.9866758 4.0679697 3.1281856 3.0947991 3.2853310 4.2521659 4.0781505 3.8831452 3.4003601 3.0585408 3.9925030 3.5956069 3.9925030 3.0671123 3.0477347 3.7771437 3.7771437 3.6378904 3.0784352 2.5856749 3.5865695 4.0415110 2.5856749 4.1699003 4.1776141 2.8184829 2.8523022 3.2256687 3.2256687 3.0784352 4.0455971 3.1390481 3.1390481 3.1793552 3.3229774 3.6855082 3.5171831 3.3556210 3.2143951 3.3556210 3.2246744 3.3229774 3.2269846 3.5044715 2.8300022 3.4817660 3.3787949 3.3392816 3.3787949 2.8235699 3.2246744 3.7034696 3.3363951 2.9217488 2.9217488 2.7681838 3.2269846 3.2158702 3.5490570 3.5490570 3.5044715 3.4817660 3.3876843 3.2269846 3.1487886 3.2457072 3.0000848 4.1056209 4.0194129 3.5388529 3.4627020 3.5161721 3.4413212 3.8068447 3.1057918 3.5275964 3.7627689 3.5627370 3.0893693 3.4626914 4.0329725 3.7266130 3.4698577 2.6925400 3.0780226 3.5198072 3.3170001 2.1026233 3.1708737 2.7830967 3.1706042 3.0604357 3.2369673 2.7565560 2.8360765 2.3616061 2.8087461 3.8352959 3.9403107 4.5200687 3.0282033 3.1494050 3.5095233 2.7644413 3.1260177 3.4397910 3.4561338 3.3791012 3.6163662 4.0652601 4.2114469 3.4537753 3.9706812 4.9632469 4.9446780 3.5624326 2.9244226 3.2463403 
AGE60807.1_phage        3.0271091 2.2628377 3.4533696 3.2386714 3.1872381 4.1832811 0.0000010 4.0426345 3.6457710 2.6926040 0.0000000 3.0142818 3.3286318 0.0151923 2.8877712 4.0314151 2.8253177 2.6063851 3.0930515 3.3677257 3.6191072 3.0915298 3.9077608 3.2944463 3.9669654 3.8286985 3.3045694 1.3310703 3.2853368 3.1820084 3.6548139 3.2732138 3.0918307 3.3045694 3.9771648 3.4297192 4.1596238 3.5628478 3.8858023 3.5802169 3.9205929 3.1906220 3.5628478 3.8795639 2.6695723 2.7360671 2.8884283 3.6922077 2.7360671 2.9596189 3.0085678 2.9745927 3.4546671 3.0818343 2.9180269 3.5532529 3.5532529 3.2842347 2.9493875 3.9771648 3.4969178 3.2551016 3.0032409 3.4391331 2.9493875 3.0053982 3.0038787 3.0930515 3.0930515 2.9110333 3.0142818 3.3286318 2.8038422 4.1832811 3.5827292 3.2505482 2.8884283 3.0255974 4.0877231 4.0127065 3.9588859 2.9180269 2.8887538 3.4729037 2.8887538 2.7129245 2.6695723 3.5398071 3.5398071 3.6836678 3.3961282 3.3869111 3.0053982 3.0038787 3.3869111 3.3286318 2.9596189 3.2842347 3.9121806 3.4048798 3.4048798 3.3961282 3.9730498 1.2897321 1.2897321 1.2928002 2.8081350 2.9459509 3.1936369 3.5638262 2.8906309 3.5638262 3.3753655 2.8081350 2.8681261 3.1858703 3.0691581 2.8931503 2.8081350 2.7419678 2.8081350 3.6807310 3.3753655 3.0499472 3.4721134 3.2116081 3.2116081 3.1435324 2.8681261 2.9275554 3.3062370 3.3062370 3.1858703 2.8931503 3.1198348 2.8674803 3.2878959 3.2978185 3.0178615 2.9344519 3.5508723 3.2262025 3.1298113 3.5751544 3.3571182 3.4186362 3.3438547 3.5067896 3.4351170 3.4803421 2.8085793 3.4015818 3.6228068 3.7011218 3.4161903 3.0396155 3.2974332 3.6424051 3.1629970 3.3304597 2.7242318 3.5027108 3.0365774 3.4222567 3.5920375 3.2146204 3.1587894 2.4871388 3.3446411 3.2163195 2.9087856 3.4328591 3.2662334 3.2645544 3.2191444 3.1921653 3.2017147 3.0900980 2.8124015 2.7544768 2.8115161 3.9388678 3.7392002 3.2274650 3.8502955 4.4047007 4.0104585 3.9667984 2.8426840 2.5583910 
ALO79610.1_phage        3.3256267 2.5019407 3.3506065 2.5326486 2.8107675 2.2705219 3.0142818 2.5819134 3.0263389 4.0245783 3.0142818 0.0000000 2.3387324 3.0340789 2.1235551 2.4399768 3.6309737 2.5375344 2.2872342 2.8392841 2.1603927 2.2738893 2.4868854 2.7613288 2.5444084 3.1916323 2.0656905 2.7862959 2.5410371 2.7071589 2.5297523 2.0422251 0.1833534 2.0656905 2.2804668 2.6922250 2.7461943 3.0591513 3.1593537 3.0730409 3.1018538 2.8050890 3.0591513 2.8952267 2.1004556 2.0669164 2.1292495 2.3081411 2.0669164 2.2037428 3.2388086 2.1822362 3.0338848 2.7144758 3.1112616 2.4665081 2.4665081 2.0885441 1.8060461 2.2910960 2.5163088 2.0415415 0.0353529 2.3838963 1.8060461 0.1543707 2.1653792 2.2258200 2.2872342 2.1177136 0.0000010 2.3387324 2.1105802 2.2705219 2.7382465 2.2223197 2.1292495 2.2436501 2.2996627 2.3350730 2.5392983 3.1112616 2.1557429 2.6008585 2.1557429 2.1190354 2.1284256 2.5894611 2.5894611 3.1221227 1.8754724 1.9965133 0.1543707 2.1500441 1.9965133 2.3215152 2.2037428 2.0885441 1.9668212 2.1270005 2.1270005 1.8754724 2.2806258 2.9564714 2.9564714 2.9902552 2.1303940 2.6132038 2.4302353 2.3280687 2.1188124 2.3280687 2.1850644 2.1303940 2.1303734 0.2464287 2.5444867 2.5224542 2.1709066 2.0828802 2.1709066 2.1503383 2.1850644 0.3553274 2.0037331 2.4911880 2.4911880 2.6232218 2.1303734 2.1201799 2.5241593 2.5241593 0.2464287 2.5224542 2.4706971 2.1246669 2.8159147 2.8350786 2.6653733 2.6329481 2.5799389 2.4460674 2.2683839 2.7272031 2.5678957 2.1401794 2.7253488 2.6633895 2.5202223 2.6650264 2.8849280 3.1880996 2.7365601 3.3547444 2.7641547 2.2838825 3.2079097 3.1095315 2.1204691 2.2036304 1.9419669 3.1841080 2.5843110 3.6286581 3.1327690 2.0777283 1.9141841 2.1375501 2.8079693 3.2607495 2.3088074 2.7148455 2.1501571 1.9609138 2.8927084 2.9888942 2.5572295 2.8898509 3.0067050 2.8884847 2.7317697 4.4507972 3.3542559 4.3696344 4.1625409 4.3079700 4.0759214 2.9901697 2.2216581 2.5076621 
ALO79609.1_phage        4.4562921 2.0710022 3.2075765 2.6678097 2.5624653 1.9997403 3.3286318 2.8189155 2.5609516 4.1523789 3.3286318 2.3387324 0.0000000 3.3297858 2.6277012 2.6582898 3.7110959 2.7886490 2.4040759 2.1197859 1.9783610 2.3716183 2.8008581 2.1024196 2.7632926 2.6070332 1.6466856 3.1335348 2.0418429 2.1574886 2.2546722 0.2086943 2.1866436 1.6466856 2.1046768 2.4439847 2.1392285 2.7656145 2.1358171 2.7781716 2.1527581 2.4005371 2.7656145 2.2700714 2.4182803 2.4872686 2.6360160 1.7870306 2.4872686 0.3423360 2.6704927 1.6613368 2.4026781 2.4617280 2.6394453 2.1847737 2.1847737 1.6015909 2.1325958 2.0517785 1.8554005 1.4583477 2.2972727 0.0232089 2.1325958 2.1909343 0.3665517 2.4322453 2.4040759 2.6194365 2.3387324 0.0000010 1.6095520 1.9997403 1.8919636 1.5587382 2.6360160 0.2218570 2.0238835 2.0335673 2.7582220 2.6394453 1.5899470 1.9483825 1.5899470 2.3859041 2.4235217 2.5483010 2.5483010 2.2700674 2.3983816 1.5566891 2.1909343 0.3759473 1.5566891 0.0114500 0.3423360 1.6015909 1.6445340 2.1878186 2.1878186 2.3983816 2.0898491 3.0667821 3.0667821 3.0731761 2.5900679 1.4063934 1.3779783 2.3381213 2.6218658 2.3381213 2.0589140 2.5900679 2.6384895 2.2119975 2.6771993 1.4157427 2.5631605 2.5059432 2.5631605 1.8104166 2.0589140 2.0577459 2.2227104 2.7636357 2.7636357 2.7968516 2.6384895 2.5729116 1.4974451 1.4974451 2.2119975 1.4157427 1.4795226 2.6301525 2.4347418 2.2169076 2.5403985 2.6298383 2.0918120 2.0993336 2.1502397 2.1426707 2.0750578 2.0565652 2.1304814 1.9576371 2.1804834 2.2402898 2.4611976 2.4534496 2.8431755 3.1921919 2.2031542 1.9382791 3.0496886 2.0596560 2.1064975 1.7316967 1.6310455 1.7186458 1.9835319 3.0020443 2.4640432 1.7027213 1.7247538 1.8225062 1.6563224 1.9780980 1.9114418 2.5102200 1.8057310 1.6292092 1.6406528 1.6384118 2.1450069 2.4301142 2.8246247 2.7685090 2.8404300 3.6944165 3.8913740 4.1369344 4.5920203 4.4418951 3.6254235 3.1868637 1.9576506 2.6284147 
AGY46846.1_phage        3.0440639 2.2220881 3.3165335 3.2435489 3.1466927 4.0825664 0.0151923 3.9444058 3.6185029 2.6999961 0.0151923 3.0340789 3.3297858 0.0000000 2.8924498 3.9309533 2.8245088 2.6224675 3.0209670 3.4025259 3.5323762 3.0194014 3.8129562 3.3661322 3.8709940 3.6895350 3.2604363 1.3270826 3.2297744 3.1068799 3.5651741 3.2744728 3.0179747 3.2604363 3.8821109 3.3806921 4.1298845 3.5115867 3.8589957 3.5288902 3.8935298 3.1955594 3.5115867 3.8118976 2.6742456 2.6730015 2.8931083 3.6641879 2.6730015 2.9506581 2.9995312 2.9793873 3.4427375 3.0630201 2.9096068 3.4661372 3.4661372 3.2512216 2.9679127 3.8821109 3.5019616 3.2599626 3.0228701 3.4400931 2.9679127 2.9348297 2.9947703 3.0209670 3.0209670 2.9156958 3.0340789 3.3297858 2.8085816 4.0825664 3.5588391 3.2720440 2.8931083 3.0163326 3.9889630 3.9165929 3.8631119 2.9096068 2.8934556 3.4496441 2.8934556 2.7175689 2.6742456 3.5153305 3.5153305 3.6576667 3.4184858 3.3646387 2.9348297 2.9947703 3.3646387 3.3297858 2.9506581 3.2512216 3.8845805 3.3807416 3.3807416 3.4184858 3.8790280 1.2860760 1.2860760 1.2891208 2.8128329 2.8789021 3.1380206 3.4997574 2.8952940 3.4997574 3.3524437 2.8128329 2.8728072 3.1101783 3.0881523 2.9112443 2.8128329 2.7466932 2.8128329 3.6555685 3.3524437 2.9795193 3.4494312 3.1914784 3.1914784 3.1244351 2.8728072 2.9322060 3.2490832 3.2490832 3.1101783 2.9112443 3.0649693 2.8721600 3.2660341 3.2212691 2.9985077 2.9151602 3.4657575 3.1520565 3.0590340 3.4919375 3.3359835 3.3411399 3.3225597 3.4726695 3.4576195 3.3996663 2.8262493 3.3675352 3.6281132 3.6378911 3.3558389 3.0098467 3.2493885 3.5866452 3.0897240 3.2734781 2.7085086 3.4210790 2.9582268 3.3351128 3.5682644 3.1942145 3.1274985 2.4493067 3.1863816 3.1964035 2.9043025 3.3664300 3.2508981 3.2438911 3.1258711 3.0412953 3.1629216 3.0760737 2.8918077 2.8395745 2.9349798 3.7215990 3.8698184 3.1937074 3.7204859 4.5486008 4.0015151 3.8742697 2.8255394 2.6705775 
AMW62487.1_phage        3.3471180 2.5708744 3.3392800 3.1215964 2.9765196 3.2332148 2.8877712 3.1046489 3.6554544 3.2853310 2.8877712 2.1235551 2.6277012 2.8924498 0.0000000 3.2813127 3.4577436 0.3430165 1.0474184 3.0486762 3.1572669 1.0698449 2.9730206 3.0850986 3.0715208 3.2386615 2.3478691 3.1469829 2.4860512 2.1017605 3.0590090 2.4682362 2.1562119 2.3478691 3.4227627 2.6673609 2.6723499 2.5452384 2.9071998 2.5227625 2.8762823 3.0451014 2.5452384 2.8624581 0.2697407 0.2042511 0.0058408 2.4169735 0.2042511 2.3433100 3.2694749 2.1881548 3.2689146 2.4364277 3.2420207 2.9547775 2.9547775 2.3404160 1.5573344 3.4174721 2.3479256 2.2529314 2.1363771 2.7051094 1.5573344 2.0015045 2.2911340 1.0584407 1.0474184 0.0058207 2.1235551 2.6277012 2.1108750 3.2332148 2.4082674 2.2999661 0.0058408 2.6724668 3.1709055 3.4609527 3.0649871 3.2420207 2.1857050 2.8792045 2.1857050 0.2762589 0.2784439 2.4807367 2.4807367 2.2930594 1.7984856 2.2101983 2.0015045 2.3196858 2.2101983 2.6379644 2.3433100 2.3404160 2.4848057 1.7995450 1.7995450 1.7984856 3.3047477 3.3636872 3.3636872 3.3957052 0.0951173 2.5548601 2.4575985 1.9368434 0.0116676 1.9368434 2.0136908 0.0951173 0.0117081 2.2445222 2.3233901 2.4456848 0.1018436 0.1071019 0.1018436 2.1558046 2.0136908 2.1866488 1.6690558 2.4884337 2.4884337 2.4226798 0.0117081 0.0294405 2.5288705 2.5288705 2.2445222 2.4456848 2.4366352 0.0058257 3.0455186 3.0265113 3.3206655 3.3933115 2.9075218 2.7266914 2.6860923 2.9001052 2.2977602 2.7355864 2.8930736 2.7445564 2.1622465 2.2782319 2.7043184 3.3630292 3.1009718 3.2354013 2.7042513 2.4904915 3.8968394 3.3880580 2.2916511 2.1897181 2.2582209 2.9791981 2.8454935 4.3464596 2.8964446 2.3088875 2.3122527 2.4922195 2.6798797 3.2078916 2.5055505 2.7853809 2.3639780 2.4369856 2.6944340 2.8906442 3.1334347 3.1355380 3.2152794 3.1731185 3.1025547 3.5776923 3.1194883 3.3028375 3.5310925 3.5444721 4.1410811 2.8448501 2.5697450 3.0026244 
QKE56338.1_phage        4.1095226 2.2437670 3.3844776 2.4746723 2.4043403 1.6028316 4.0314151 2.1728175 2.7177617 3.5157738 4.0314151 2.4399768 2.6582898 3.9309533 3.2813127 0.0000000 3.7914035 3.0767632 2.7857343 2.9068344 1.5121950 2.7673789 2.1893392 2.8524946 2.1405467 2.7186400 1.5457914 4.2077881 2.1865385 1.9049982 1.6438291 2.4240330 2.3501698 1.5457914 1.4784174 1.9499434 1.6423706 1.9238528 1.7706478 1.9371847 1.7543127 2.0673400 1.9238528 1.6947994 2.9401919 3.0098736 3.2985131 1.7862364 3.0098736 2.2753538 2.7739228 1.8615545 2.7173442 2.7220352 2.7887658 1.6259206 1.6259206 1.5751950 2.5292254 1.4829919 1.8349597 1.4845225 2.3670675 2.6841726 2.5292254 2.3046280 2.2403017 2.7033011 2.7857343 3.2594755 2.4399768 2.6582898 1.7500334 1.6028316 2.0271650 1.5931273 3.2985131 2.3488861 1.6190319 1.5100366 2.1184589 2.7887658 1.8458236 2.6207189 1.8458236 2.9210603 2.9210940 2.5807850 2.5807850 2.8657855 2.8185996 1.7985067 2.3046280 2.2462395 1.7985067 2.6757262 2.2753538 1.5751950 1.7975953 2.1467319 2.1467319 2.8185996 1.5638949 4.1215565 4.1215565 4.1346695 3.2639693 2.1957373 2.4391416 2.4639512 3.2749672 2.4639512 2.4186034 3.2639693 3.3141461 2.4750823 2.9750032 2.3048580 3.2857011 3.2599420 3.2857011 1.3515264 2.4186034 2.5299588 2.2527639 3.0500752 3.0500752 3.1107279 3.3141461 3.2778162 2.6188365 2.6188365 2.4750823 2.3048580 2.3407157 3.2968481 2.2588822 2.6771631 2.9635978 2.1913228 1.9178338 2.3569595 2.1478376 2.1892954 2.1276697 2.1836705 2.0438217 2.0130289 2.0380037 1.9931837 2.9403141 2.8620931 3.0183359 3.2369035 2.1490469 1.7295096 3.1525767 2.6114182 2.0154308 1.6603578 1.6963886 2.0670977 2.0155923 2.9751407 2.8269298 1.8800242 1.3826868 1.8176809 1.6869664 2.9635663 2.3683726 2.7717996 1.8695963 1.3407058 1.7781844 1.8032150 2.6113987 2.6079141 3.6830118 4.4010271 3.5811028 4.5763893 5.6516031 4.0279791 3.9306381 4.6076822 4.3237813 4.5471634 2.0265528 3.3502939 
QKE56523.1_phage        0.6087147 3.8868283 3.9542392 4.5764905 3.9568634 4.2066467 2.8253177 4.2497716 4.5145873 4.0725941 2.8253177 3.6309737 3.7110959 2.8245088 3.4577436 3.7914035 0.0000000 3.4744104 3.4895061 3.7279367 3.7409916 3.4268490 4.1120340 3.7183741 4.2764235 4.8206123 4.1073259 2.4667477 3.6800367 3.5717361 4.2699118 3.9764388 3.8317617 4.1073259 4.1369471 3.2252937 3.9412865 3.3167846 4.2250912 3.3344287 4.1993862 4.2447885 3.3167846 4.0610075 3.3053825 3.4674818 3.4786027 4.3679439 3.4674818 3.6569440 2.8335712 3.7098636 2.7797380 4.8347009 2.8751127 4.2699118 4.2699118 4.2963002 3.5134571 4.1369471 4.3592005 3.8702738 3.7300464 3.7820743 3.5134571 3.5694190 3.7117911 3.4489207 3.4895061 3.4323322 3.6309737 3.7110959 3.6231389 4.2066467 4.5069745 3.9137938 3.4786027 3.3650946 4.1110789 4.1924811 4.2551364 2.8751127 3.5975064 4.2534039 3.5975064 3.3436109 3.2958071 4.3037609 4.3037609 4.4169915 3.7165135 4.2423983 3.5694190 3.7115428 4.2423983 3.7095196 3.6569440 4.2963002 4.3302391 3.4616112 3.4616112 3.7165135 4.0482623 2.2618011 2.2618011 2.2736417 3.5389466 3.7846471 3.5977073 4.3513037 3.4381527 4.3513037 4.0565482 3.5389466 3.4845684 3.8595837 3.9599987 3.7409101 3.4452314 3.5122375 3.4452314 3.9607080 4.0565482 3.6720382 3.5437426 4.2655895 4.2655895 4.1364742 3.4845684 3.4707784 3.7444731 3.7444731 3.8595837 3.7409101 3.5190534 3.4636280 4.4331716 4.1450606 3.7453135 4.1383644 4.0365438 4.5890950 3.9872750 4.0722923 3.8418107 4.3384664 3.7360063 3.6661708 3.5952173 3.7553796 4.0928975 4.4902018 4.0983592 3.6219012 3.5207240 3.8274531 4.0040604 4.0697038 3.8842710 3.8871683 4.2301580 3.4192573 3.7033038 3.7577877 4.1424363 3.6778906 3.8609054 3.7156789 3.0268114 3.8288424 3.7294288 3.8827502 3.6513555 4.0146745 3.0153900 3.1175533 3.2184540 4.1657132 3.6306931 3.8002240 3.7584301 4.8789455 4.2543735 4.6050285 5.4253704 6.1693696 5.4607052 3.9833249 4.3635580 3.6066572 
ADH03291.1_phage        3.2991930 2.4208304 3.5989072 2.9939609 3.0933931 3.1755238 2.6063851 3.6831081 4.0213652 2.9646363 2.6063851 2.5375344 2.7886490 2.6224675 0.3430165 3.0767632 3.4744104 0.0000000 1.2032100 2.7750860 3.0362865 1.2285716 3.4822512 2.8200879 3.6445543 3.4422450 2.4816398 3.1429810 2.6393494 2.1202469 2.9154279 2.6469300 2.4186580 2.4816398 3.1587666 2.8287329 2.7414207 2.8222109 2.8602152 2.8145337 2.8299334 3.4828056 2.8222109 2.9335550 0.2863121 0.3112578 0.3438328 2.3708031 0.3112578 2.5029153 3.4355942 2.5098297 3.5786356 2.5379082 3.4181180 2.8163150 2.8163150 2.4884106 1.6950471 3.1535642 2.3862571 2.3118178 2.5873492 2.8706372 1.6950471 2.3957743 2.3886356 1.2154610 1.2032100 0.3507500 2.5375344 2.7886490 2.4757369 3.1755238 2.3067780 2.4109835 0.3438328 2.9447855 3.1146230 3.0575657 3.6194982 3.4181180 2.5039253 3.0041300 2.5039253 0.2838418 0.2952052 2.7182109 2.7182109 2.6015889 1.9616107 2.1721900 2.3957743 2.4134637 2.1721900 2.7983002 2.5029153 2.4884106 2.4852076 1.8623554 1.8623554 1.9616107 3.0736692 3.1790510 3.1790510 3.2043046 0.3547577 2.6526571 2.5431596 2.0684945 0.3419064 2.0684945 2.1315709 0.3547577 0.3349998 2.7109731 2.1947090 2.5057762 0.3579233 0.3537822 0.3579233 2.1565390 2.1315709 2.4636168 1.7178502 2.3934661 2.3934661 2.2631312 0.3349998 0.3435405 2.6181666 2.6181666 2.7109731 2.5057762 2.5048829 0.3342024 2.8424328 3.1049524 3.0520353 3.6282959 3.1224490 2.6930356 2.5242796 2.8516934 2.3894714 2.9580444 2.8532455 2.7234424 2.4521785 2.4267338 2.5826659 3.3833300 3.3887309 3.6921168 2.7971351 2.7856836 3.9190925 3.4805253 2.4775750 2.0701492 2.1220226 2.6645800 2.7750905 4.2525040 2.9584242 2.2299449 2.4332083 2.6524344 2.3023619 3.0088307 2.6820965 3.2174003 2.1735263 2.5484466 2.4616083 2.4112647 3.2296114 3.0720036 3.4771828 3.4505690 3.3278127 3.5395426 3.1717502 3.0061748 3.3522310 3.6917460 4.0678281 3.2510049 2.7444963 3.1759691 
AMW61966.1_phage        3.5234234 2.2953479 4.0396809 2.4792524 2.5501444 2.9018323 3.0930515 3.1561296 2.8349899 3.4313353 3.0930515 2.2872342 2.4040759 3.0209670 1.0474184 2.7857343 3.4895061 1.2032100 0.0000000 2.7104511 2.8937807 0.0118696 3.0380596 2.7732740 3.0948527 3.4618123 2.1343778 2.9737728 2.6720820 2.0161736 2.6703420 2.3027268 2.3920693 2.1343778 3.0926590 2.7531465 2.6468578 2.9049707 2.8265167 2.9134725 2.7970290 3.2076388 2.9049707 2.6844348 1.0438782 1.1568066 1.0470272 2.2865163 1.1568066 2.2610338 3.3668940 2.2341050 3.2286122 2.2305041 3.3351458 2.5792451 2.5792451 2.1956347 1.1974812 3.0599153 2.0964739 1.9207689 2.3697187 2.4490353 1.1974812 2.0748933 2.2345555 0.0118777 0.0000010 1.0587093 2.2872342 2.4040759 2.1989829 2.9018323 2.4975112 1.9881621 1.0470272 2.3727130 2.9477612 2.9534471 3.0884697 3.3351458 2.2038677 2.4657327 2.2038677 1.0598318 1.0668804 2.3378119 2.3378119 2.2198954 1.9504480 2.1746869 2.0748933 2.1904806 2.1746869 2.3893034 2.2610338 2.1956347 2.3039569 1.7837213 1.7837213 1.9504480 2.9907269 3.4344416 3.4344416 3.4688208 1.0194879 2.1362631 2.5694089 2.2474565 1.0463962 2.2474565 2.2468801 1.0194879 1.0347643 2.2352784 2.3201065 2.2197569 1.0380559 1.0323284 1.0380559 2.0085672 2.2468801 2.5097292 1.6834982 2.2611397 2.2611397 2.4391315 1.0347643 1.0507494 2.5929133 2.5929133 2.2352784 2.2197569 2.4751478 1.0351599 2.9051575 3.1197423 3.2048568 3.2056392 2.8066220 2.5934902 2.4330864 2.6939774 2.2992381 2.6382955 2.6745354 2.7257985 2.2567237 2.2232045 2.6381771 3.1372883 3.1218669 3.0287875 2.7815223 2.2371886 3.1903769 2.6932625 2.1236989 2.0301157 2.0603783 2.4836586 2.7004584 3.3486769 2.8190930 2.3301649 2.1616957 2.2611622 2.4667734 2.9142788 2.4297342 2.9406835 2.2998335 2.3548420 2.2328792 2.5680561 2.2127871 2.8718693 3.1098054 3.1346079 2.5468326 3.5251361 2.9621483 3.6314342 4.3312483 3.9623980 4.0828924 3.2051580 2.2451823 2.5887512 
QDP43184.1_phage        3.7800084 2.3730124 2.9174822 2.6674698 2.7826825 3.0990168 3.3677257 2.9030176 3.2088183 3.2810346 3.3677257 2.8392841 2.1197859 3.4025259 3.0486762 2.9068344 3.7279367 2.7750860 2.7104511 0.0000000 3.0032071 2.7362752 2.8044798 0.0606496 2.8464457 3.2014172 1.8193011 3.0127403 2.3444262 2.2575619 2.9424185 2.0868550 2.8388461 1.8193011 3.1026788 3.5793338 2.6523546 3.3747035 2.8342448 3.3958680 2.7843191 3.2619624 3.3747035 2.9978598 2.9460774 3.0253629 3.0585405 2.1273514 3.0253629 2.0691698 3.3423095 2.1620598 3.3826638 3.0474865 3.4557258 2.8678201 2.8678201 1.8493238 2.6515958 3.1184358 2.2587913 1.7949359 2.7689512 2.1627448 2.6515958 2.5953378 2.0949440 2.7544328 2.7104511 3.0281717 2.8392841 2.1197859 1.9994495 3.0990168 2.1542655 2.1789333 3.0585405 2.0201671 3.1530703 2.9727736 2.8210609 3.4557258 2.0528019 1.1974388 2.0528019 2.9899418 3.0275443 3.2443944 3.2443944 3.0856930 2.7699866 2.0882080 2.5953378 2.0609806 2.0882080 2.1098993 2.0691698 1.8493238 1.9209101 2.6389743 2.6389743 2.7699866 3.1653334 2.8354575 2.8354575 2.8694690 3.0463039 2.4687960 2.0006414 2.4728186 3.0420115 2.4728186 2.3354398 3.0463039 3.0724627 2.7796703 2.9879114 2.3640006 3.0531346 3.0013770 3.0531346 2.4662255 2.3354398 2.6133935 2.5054361 2.8893475 2.8893475 2.8685606 3.0724627 3.0702294 2.2461292 2.2461292 2.7796703 2.3640006 2.0196981 3.0625536 2.6693821 2.4412917 2.4384865 3.7486837 3.0725999 2.8064005 2.7683495 2.5437179 2.2402402 2.9270140 2.8354787 2.6527619 2.3256545 2.3294286 2.4594828 2.5881195 3.6056657 3.6065376 2.8409199 2.4398768 3.0745786 2.8115829 2.9431288 2.0989925 2.0568064 2.3230653 2.4031445 3.1292339 2.3816004 2.1224155 2.3380126 2.4284217 2.0839187 2.6671276 2.4497276 3.4976344 2.2247174 2.3439985 2.4011602 2.3337124 2.5386518 2.4232289 3.3313140 3.8044375 3.3727529 3.2577630 4.0283676 3.6652986 4.3886247 4.0539283 3.1932194 3.2353147 2.6567789 3.1043435 
