59
WP_003226225.1-bacteria 0.0000000 0.1636365 0.6406152 1.2557951 1.0239769 1.2778068 1.0527724 1.3700473 1.3927499 1.6280671 1.1894959 1.3330706 1.3728244 1.9368504 1.1273998 1.1850484 2.7289955 2.5467912 3.9669587 3.3845670 3.4418742 3.5286456 3.4995855 3.2501361 3.3877257 3.8383480 3.3593895 3.7103746 2.5828958 3.9362881 3.9362881 3.9362881 3.8905877 3.5878719 3.7062403 1.6170331 1.5583248 1.5583248 1.5547937 1.3233966 3.8554256 3.4166292 3.3453479 4.3672870 3.7633977 4.2638957 2.5581482 2.4553693 2.4553693 1.8580134 1.3964403 2.4553693 2.4508150 2.1054253 1.9094205 2.0763327 1.3777049 2.2469983 1.6472149 
NP_417539.1-bacteria    0.1636365 0.0000000 0.6546977 1.2175993 1.0890299 1.2842790 1.0531828 1.2772254 1.2424148 1.9734794 1.2219753 1.4382728 1.3874013 1.7450792 1.0447331 1.2602108 2.7115060 2.5137331 3.7196016 3.6098076 4.0510225 3.4568753 3.9838557 3.7376799 2.8989729 3.8464593 3.5659043 3.6842276 2.6264137 3.7293202 3.7293202 3.7293202 3.6843707 4.4218450 4.2534675 1.6157499 1.6113256 1.6113256 1.6566467 1.4670320 4.3225682 3.4953056 3.4646433 4.1856859 3.6968115 4.2934552 2.5353449 2.6831202 2.6831202 2.0106544 1.4419549 2.6831202 2.6255344 2.1578241 2.0746995 1.7349519 1.4475661 2.1518088 1.6815903 
NP_417221.1-bacteria    0.6406152 0.6546977 0.0000000 1.3621345 1.2697236 1.5655158 1.4178770 1.7795612 1.5516182 2.1595924 1.3703449 1.6333443 1.6342476 2.1995286 1.0624365 1.5399021 3.2225955 2.8899181 4.3080823 3.7618283 4.0127889 3.7722158 3.4077622 3.8417593 3.1086213 3.8987984 3.5728844 3.7550045 2.5921342 3.9858561 3.9858561 3.9858561 3.9564467 3.6753047 3.8927088 2.0190539 2.0193554 2.0193554 2.1587080 1.9796593 3.9867788 2.9271853 3.1614217 3.8150267 3.4400417 4.0937898 2.7661247 2.7307138 2.7307138 2.1795183 1.7853521 2.7307138 2.9978100 2.2089783 2.0205250 2.1688861 1.8244463 2.7875931 2.1910745 
WP_003416101.1-bacteria 1.2557951 1.2175993 1.3621345 0.0000000 1.4659972 0.3083258 1.1989627 0.6130431 0.7216029 1.1805090 0.8121436 1.5695002 1.5302031 1.3351948 1.0582150 0.9558453 2.3734388 2.0615363 3.3469695 3.0429103 4.5511979 3.3965531 3.1135524 3.1519082 3.2510651 3.8941583 3.9791373 3.2301452 3.7396668 3.2763969 3.2763969 3.2763969 3.2673376 5.4988832 4.1892393 0.8112064 0.8660870 0.8660870 0.8323302 0.7665905 4.8024818 3.2034650 3.6904924 3.6563590 3.4035810 3.9255756 2.0369969 1.5872789 1.5872789 1.5123594 0.7444894 1.5872789 1.5377633 1.5399501 1.7862992 1.0614893 1.2238867 1.7997375 1.6151278 
NP_417918.1-bacteria    1.0239769 1.0890299 1.2697236 1.4659972 0.0000000 1.4116841 1.5501625 1.4064424 1.4653550 1.4860613 1.1815401 2.0053399 1.6512408 1.9851213 1.0832957 1.3376270 2.3030705 2.4013333 4.4346523 3.0618807 4.2911600 4.3411347 3.8391968 3.6361505 3.8687316 4.4745094 3.3944260 3.5256028 2.8387527 4.2844530 4.2844530 4.2844530 4.3387795 4.3157805 3.9744567 1.6853065 1.7583684 1.7583684 1.8112005 1.5828843 3.5122109 3.7929151 3.6098038 3.9031278 3.7082663 3.6018956 2.6518163 2.5439298 2.5439298 2.0231808 1.5034628 2.5439298 2.4523393 2.0034248 2.3059485 2.6618802 1.5709773 2.7869463 2.0564271 
WP_009967190.1-bacteria 1.2778068 1.2842790 1.5655158 0.3083258 1.4116841 0.0000000 1.2711473 0.5569921 0.7497035 1.2484954 0.8699653 1.8499926 1.6048722 1.1838823 1.2080494 0.8862682 2.5236555 2.1838523 3.3388290 3.4052067 4.7087761 3.3045166 2.9595555 3.1176521 3.5058218 3.8100692 4.1090346 3.3304430 3.8175398 3.5256204 3.5256204 3.5256204 3.6019824 4.9813031 3.7761518 0.8689809 0.9305826 0.9305826 0.9035811 0.5931322 4.1368810 3.4612891 4.0078644 3.9090441 3.6579426 3.5435506 2.1146797 1.4945894 1.4945894 1.5680645 0.7336152 1.4945894 1.4039638 1.7097595 1.7676475 1.3944169 1.3203092 1.8560200 1.5382880 
WP_003435969.1-bacteria 1.0527724 1.0531828 1.4178770 1.1989627 1.5501625 1.2711473 0.0000000 1.1537159 1.1296154 1.2330801 1.0662601 0.9367912 0.7589536 1.6394151 1.1468962 1.0935353 2.6690132 2.3802260 3.1831282 2.3160602 3.3153334 2.7642092 3.2475349 2.8844445 3.1965248 3.8366804 2.9169002 3.3433918 3.2126801 2.4636951 2.4636951 2.4636951 2.4969678 3.5273549 3.1650735 1.6121020 1.6584076 1.6584076 1.6040379 1.3205244 3.6930654 3.3067637 3.2864984 3.6735612 3.1630666 3.6409286 2.6881464 2.1546117 2.1546117 1.5749839 1.3723829 2.1546117 1.7975098 1.6746620 1.4552625 2.1897828 1.2977126 2.2394841 1.6198535 
WP_003230458.1-bacteria 1.3700473 1.2772254 1.7795612 0.6130431 1.4064424 0.5569921 1.1537159 0.0000000 0.5468261 1.2030568 0.8852168 1.4457771 1.2926736 1.1390602 0.9020727 0.8488716 2.5494016 2.3268099 3.4769933 2.4975017 4.1660001 2.9495710 3.3154380 3.1766616 3.2329497 3.6040831 2.9972568 3.2956540 2.9570242 3.1130457 3.1130457 3.1130457 3.1367880 4.1284953 2.9712817 0.8552120 0.8223363 0.8223363 0.7588024 0.3258590 4.2509499 3.0748043 3.3481904 3.3372865 3.3190508 3.4484865 1.9416821 1.2833924 1.2833924 1.5585911 0.3818508 1.2833924 1.2861824 1.6268563 2.1121768 1.1542526 1.1242816 1.5201924 1.4309180 
WP_011860953.1-bacteria 1.3927499 1.2424148 1.5516182 0.7216029 1.4653550 0.7497035 1.1296154 0.5468261 0.0000000 1.1322359 0.9692810 1.2701553 1.4866595 1.0830925 1.1925671 0.8818382 2.2263700 1.6000294 3.7733431 2.4324832 3.5392171 2.6724987 3.1673466 3.3191973 3.2431457 3.2114296 3.8087927 3.0051129 3.6944587 2.9602004 2.9602004 2.9602004 2.9765553 4.6168773 3.5332166 0.8633730 0.8243485 0.8243485 0.8371392 0.6235257 4.2478329 2.8378081 2.8757277 3.2643885 3.2340868 3.2434193 2.1773186 1.2354718 1.2354718 1.1966650 0.5851584 1.2354718 1.3889566 1.1174212 1.6525301 1.2933967 1.0416943 1.8540309 1.5270703 
WP_003246715.1-bacteria 1.6280671 1.9734794 2.1595924 1.1805090 1.4860613 1.2484954 1.2330801 1.2030568 1.1322359 0.0000000 1.1305292 1.4495122 1.3247649 1.3052673 1.9914234 1.1473422 1.7279988 1.6156550 4.1315576 2.7949580 2.9768134 2.8451119 3.0628670 3.0942774 3.1937825 4.2271834 3.4700887 4.1947384 3.5392613 3.1816594 3.1816594 3.1816594 3.1569272 3.5983351 3.2542585 1.5808819 1.6216002 1.6216002 1.6116991 0.9655719 5.0174036 3.3576402 3.6605594 3.7458143 3.5363309 4.3186410 2.9519220 1.5626456 1.5626456 1.1941916 1.0988977 1.5626456 1.3556598 1.2891621 1.9167920 1.6336184 1.5434687 2.0190736 1.5804516 
WP_003221446.1-bacteria 1.1894959 1.2219753 1.3703449 0.8121436 1.1815401 0.8699653 1.0662601 0.8852168 0.9692810 1.1305292 0.0000000 1.5710561 1.3660367 1.0949366 0.4009964 0.1471024 2.0336926 2.2146308 3.7028743 2.6601672 3.3303613 3.2963086 3.0920206 3.1038668 3.4340635 4.0555738 3.6095237 4.1329685 3.2125013 3.3542863 3.3542863 3.3542863 3.5589331 4.0691458 3.9960877 1.3074683 1.3210996 1.3210996 1.3973057 0.9112842 3.3277461 3.0839074 3.1081297 3.1348865 3.2168028 3.0688383 2.1136528 1.5688199 1.5688199 1.6050479 0.9314883 1.5688199 1.5615206 1.5188058 1.9695539 1.3329263 1.1929751 2.4547459 1.5263540 
WP_003220911.1-bacteria 1.3330706 1.4382728 1.6333443 1.5695002 2.0053399 1.8499926 0.9367912 1.4457771 1.2701553 1.4495122 1.5710561 0.0000000 0.8627549 2.2984862 1.3680172 1.4868288 2.3173902 2.1047628 2.9683231 1.8533750 2.6648523 2.6121657 2.6478429 2.4005000 3.3108355 3.4134564 4.1826015 3.4566212 2.9752416 2.7810391 2.7810391 2.7810391 2.6895082 2.6624690 2.8391758 1.9057155 1.8435611 1.8435611 1.7090816 1.5804590 4.2550815 3.1420780 3.0863904 3.5108221 3.4179017 3.8908428 2.3060826 2.5554378 2.5554378 1.5553738 1.5541289 2.5554378 2.4206952 1.7801835 1.8666859 1.8148128 1.4437130 2.5111660 1.9772993 
NP_416432.3-bacteria    1.3728244 1.3874013 1.6342476 1.5302031 1.6512408 1.6048722 0.7589536 1.2926736 1.4866595 1.3247649 1.3660367 0.8627549 0.0000000 1.9734311 1.4492176 1.3998434 2.4828489 2.2740541 2.5818501 2.2201353 2.5767072 2.5498739 3.2644542 2.7169523 2.7799216 3.9286436 2.9178218 3.6635953 2.8029984 3.2295023 3.2295023 3.2295023 3.1762896 3.8738940 3.1204416 1.6167972 1.8219068 1.8219068 1.7630734 1.5282689 4.2548217 3.7175248 3.7658906 3.9232836 3.2228597 3.8729234 3.1397315 2.4246130 2.4246130 1.5998840 1.5213096 2.4246130 1.9258379 1.7099731 1.9471713 1.8211057 1.4533586 2.0242334 1.7346236 
WP_003420464.1-bacteria 1.9368504 1.7450792 2.1995286 1.3351948 1.9851213 1.1838823 1.6394151 1.1390602 1.0830925 1.3052673 1.0949366 2.2984862 1.9734311 0.0000000 1.8667413 1.1583275 2.2536979 2.2391720 4.3568873 3.7141243 5.4335245 3.8391855 4.2981301 5.0474113 5.6523549 4.9026195 5.0257484 3.2727842 2.9261848 3.4116364 3.4116364 3.4116364 3.4271712 4.0962476 3.2983899 1.3782370 1.4185368 1.4185368 1.2611339 1.1007489 3.6278450 3.4392709 3.8050234 3.7135848 3.4241229 3.6714557 1.9642601 1.7918579 1.7918579 1.7143326 1.0377582 1.7918579 1.8000671 1.8411024 2.7232978 1.7048765 1.5380770 1.5440645 1.4606374 
WP_021361826.1-bacteria 1.1273998 1.0447331 1.0624365 1.0582150 1.0832957 1.2080494 1.1468962 0.9020727 1.1925671 1.9914234 0.4009964 1.3680172 1.4492176 1.8667413 0.0000000 0.3925722 1.9606160 1.9207805 2.9137908 2.2920886 4.9706642 3.4423187 4.7267450 4.2456740 4.6150603 5.5688254 3.5318223 4.4525572 2.9582251 4.3996193 4.3996193 4.3996193 4.5232314 3.2845856 3.2647632 1.4081367 1.3441866 1.3441866 1.5287619 0.9673257 4.4393313 3.0637251 3.1000326 3.8629388 3.3962293 4.2406795 2.0954204 2.2885409 2.2885409 2.2368759 1.2715496 2.2885409 2.1203221 2.1823520 1.6765819 1.1697982 0.8571629 3.3162680 1.6323032 
WP_003416098.1-bacteria 1.1850484 1.2602108 1.5399021 0.9558453 1.3376270 0.8862682 1.0935353 0.8488716 0.8818382 1.1473422 0.1471024 1.4868288 1.3998434 1.1583275 0.3925722 0.0000000 1.9923893 2.1262520 3.6576294 2.6144055 3.5992709 3.2086588 3.1235334 2.9751438 3.5027940 4.2201522 3.9457142 3.8809819 3.4141129 3.3526110 3.3526110 3.3526110 3.3632610 4.4053678 3.8505439 1.3757901 1.3670313 1.3670313 1.3726997 0.9325460 3.3502110 3.0094822 3.0404849 3.0526178 3.2650643 3.1148879 2.0618484 1.6779191 1.6779191 1.3913354 0.9443761 1.6779191 1.4200817 1.5768154 1.9970176 1.3829375 1.2066817 2.5240718 1.3995623 
WP_009892548.1-bacteria 2.7289955 2.7115060 3.2225955 2.3734388 2.3030705 2.5236555 2.6690132 2.5494016 2.2263700 1.7279988 2.0336926 2.3173902 2.4828489 2.2536979 1.9606160 1.9923893 0.0000000 0.2205875 2.7677875 2.7525565 3.7484134 2.9497224 3.1293355 2.8563037 3.6455201 4.1852063 3.5411728 3.2494587 3.1619368 2.9834171 2.9834171 2.9834171 2.8885327 3.4158929 2.6301069 2.6180814 2.7325603 2.7325603 3.0076474 2.5844941 3.7899328 3.3237336 3.3566149 3.0747585 3.6051165 3.1789944 3.5794167 3.3572825 3.3572825 2.7711315 2.5669566 3.3572825 3.1078963 3.1683444 2.7442693 1.9452121 2.4971504 2.7557293 2.0735084 
WP_003225758.1-bacteria 2.5467912 2.5137331 2.8899181 2.0615363 2.4013333 2.1838523 2.3802260 2.3268099 1.6000294 1.6156550 2.2146308 2.1047628 2.2740541 2.2391720 1.9207805 2.1262520 0.2205875 0.0000000 2.4227676 2.3888987 2.9435853 2.2420312 2.9816020 2.4734261 3.1501226 3.4290484 2.9351628 2.8242365 3.5846076 2.6924851 2.6924851 2.6924851 2.6041125 3.1771816 2.4922071 2.4433374 2.6408857 2.6408857 2.6646523 2.2304968 3.2910454 2.9633953 3.1091364 3.1192625 3.5425032 3.1668624 3.4180690 3.3399910 3.3399910 2.3061314 2.1960642 3.3399910 3.1606114 2.7851812 2.3252712 1.9787221 2.3366566 2.4378530 1.9793251 
NP_417068.1-bacteria    3.9669587 3.7196016 4.3080823 3.3469695 4.4346523 3.3388290 3.1831282 3.4769933 3.7733431 4.1315576 3.7028743 2.9683231 2.5818501 4.3568873 2.9137908 3.6576294 2.7677875 2.4227676 0.0000000 4.1869364 1.8253580 1.0786255 2.2340127 1.6965921 2.5103090 2.2007668 1.8595907 2.6593157 4.0203991 3.5884621 3.5884621 3.5884621 3.6730523 4.3488341 4.6365851 2.8625274 3.0386061 3.0386061 3.3420230 3.8716446 5.0128294 4.2431768 4.4309756 5.5315149 4.7616189 5.0684480 4.2784584 5.4289522 5.4289522 3.1058314 4.0451964 5.4289522 4.2539858 3.2252117 2.9015671 2.9878692 3.7410041 3.4037388 4.6523171 
WP_003245855.1-bacteria 3.3845670 3.6098076 3.7618283 3.0429103 3.0618807 3.4052067 2.3160602 2.4975017 2.4324832 2.7949580 2.6601672 1.8533750 2.2201353 3.7141243 2.2920886 2.6144055 2.7525565 2.3888987 4.1869364 0.0000000 4.9327254 4.1458988 4.3463818 4.2074575 4.5891447 6.0584565 4.3360962 4.6117507 3.7417422 3.4032309 3.4032309 3.4032309 3.3397625 3.2598680 3.6266773 2.9645292 2.8367492 2.8367492 3.0973501 2.5527222 5.0440368 3.3401521 3.4045300 3.4957992 3.1897929 3.3099187 4.3825194 4.8680729 4.8680729 2.5149190 2.5400786 4.8680729 4.6644077 2.9547700 3.5931701 3.6980249 2.5385001 3.0622165 3.4590620 
WP_003224177.1-bacteria 3.4418742 4.0510225 4.0127889 4.5511979 4.2911600 4.7087761 3.3153334 4.1660001 3.5392171 2.9768134 3.3303613 2.6648523 2.5767072 5.4335245 4.9706642 3.5992709 3.7484134 2.9435853 1.8253580 4.9327254 0.0000000 1.4077489 1.4432646 1.4864822 1.8969251 1.8021686 2.4267181 2.2820026 4.0303371 3.7361180 3.7361180 3.7361180 3.8220715 3.8443659 3.9296667 4.7593279 4.9055840 4.9055840 4.8557632 3.4516973 6.4991427 4.1716537 4.2661588 4.9778022 4.5466592 6.9062862 4.6505310 5.2711022 5.2711022 2.9292143 3.8670690 5.2711022 4.3343861 3.0453065 3.3707608 3.8424946 4.2167230 5.1780205 3.9791115 
WP_003234958.1-bacteria 3.5286456 3.4568753 3.7722158 3.3965531 4.3411347 3.3045166 2.7642092 2.9495710 2.6724987 2.8451119 3.2963086 2.6121657 2.5498739 3.8391855 3.4423187 3.2086588 2.9497224 2.2420312 1.0786255 4.1458988 1.4077489 0.0000000 1.7626601 1.4903955 1.7170147 1.3617553 1.5103159 2.3491940 4.1155577 3.1248381 3.1248381 3.1248381 3.0280453 4.2280004 3.8078198 3.2373072 3.2774925 3.2774925 3.1785539 3.0783389 4.3511429 3.8846737 4.0059440 4.4313264 3.8383373 3.7843059 4.2402563 3.9609586 3.9609586 2.7608577 3.4881563 3.9609586 3.8776838 2.9867102 2.5530331 3.8196069 3.1711272 3.0341800 3.6876823 
WP_004398507.1-bacteria 3.4995855 3.9838557 3.4077622 3.1135524 3.8391968 2.9595555 3.2475349 3.3154380 3.1673466 3.0628670 3.0920206 2.6478429 3.2644542 4.2981301 4.7267450 3.1235334 3.1293355 2.9816020 2.2340127 4.3463818 1.4432646 1.7626601 0.0000000 1.7672982 2.2167777 2.2893245 3.0699175 1.9973725 3.5742213 3.7984294 3.7984294 3.7984294 3.6873099 3.5076860 4.4392819 3.2469376 3.5767995 3.5767995 3.4698657 3.4162325 4.9074030 3.8958677 3.9747093 4.3704338 4.2389092 4.8490945 3.4590718 3.8228905 3.8228905 2.8624413 3.4932090 3.8228905 4.0922608 2.9546035 2.8002593 3.4332760 3.7268931 4.2395031 3.2429035 
WP_003245485.1-bacteria 3.2501361 3.7376799 3.8417593 3.1519082 3.6361505 3.1176521 2.8844445 3.1766616 3.3191973 3.0942774 3.1038668 2.4005000 2.7169523 5.0474113 4.2456740 2.9751438 2.8563037 2.4734261 1.6965921 4.2074575 1.4864822 1.4903955 1.7672982 0.0000000 1.3574159 2.1172631 1.7557976 2.2193517 4.0236023 3.7362020 3.7362020 3.7362020 3.6157973 3.9128967 3.0454964 3.4526454 3.5218034 3.5218034 3.5701417 2.9076605 4.3789364 3.8101262 3.5570930 3.6304365 3.7999541 4.2287002 3.8496451 3.8750121 3.8750121 2.6722054 3.3030838 3.8750121 3.8576839 2.9401635 2.5439067 3.5709085 2.8533708 3.8074891 2.9592897 
WP_003230521.1-bacteria 3.3877257 2.8989729 3.1086213 3.2510651 3.8687316 3.5058218 3.1965248 3.2329497 3.2431457 3.1937825 3.4340635 3.3108355 2.7799216 5.6523549 4.6150603 3.5027940 3.6455201 3.1501226 2.5103090 4.5891447 1.8969251 1.7170147 2.2167777 1.3574159 0.0000000 2.0678641 2.0565059 2.2665194 3.5062208 4.1499337 4.1499337 4.1499337 4.0345190 6.3726625 5.5927920 3.7314414 4.0291939 4.0291939 3.6789871 3.2661586 5.6228583 4.1228065 4.1647238 4.6325555 4.3844475 4.6041433 4.1718550 4.7145237 4.7145237 2.5377803 3.7310486 4.7145237 4.6357300 2.6134215 3.0913266 4.1761833 4.1750215 4.8211212 3.3228076 
WP_003243678.1-bacteria 3.8383480 3.8464593 3.8987984 3.8941583 4.4745094 3.8100692 3.8366804 3.6040831 3.2114296 4.2271834 4.0555738 3.4134564 3.9286436 4.9026195 5.5688254 4.2201522 4.1852063 3.4290484 2.2007668 6.0584565 1.8021686 1.3617553 2.2893245 2.1172631 2.0678641 0.0000000 2.8320059 2.1265863 5.1561426 3.6308169 3.6308169 3.6308169 3.5394091 6.6492375 6.3593816 4.0467915 3.7956631 3.7956631 3.5116826 3.6502819 6.2541761 4.5972360 5.0045969 5.4415974 4.7916392 5.2864945 3.4811818 4.7008759 4.7008759 4.0215756 3.9835989 4.7008759 5.3885957 3.7028111 3.2246702 5.4401816 4.0260458 4.1950980 4.4620845 
WP_004398891.1-bacteria 3.3593895 3.5659043 3.5728844 3.9791373 3.3944260 4.1090346 2.9169002 2.9972568 3.8087927 3.4700887 3.6095237 4.1826015 2.9178218 5.0257484 3.5318223 3.9457142 3.5411728 2.9351628 1.8595907 4.3360962 2.4267181 1.5103159 3.0699175 1.7557976 2.0565059 2.8320059 0.0000000 2.7830827 5.0217184 3.3981980 3.3981980 3.3981980 3.4414920 5.3306455 4.4981426 3.8199553 4.1053273 4.1053273 4.2714321 3.5165688 4.6080452 4.8433870 5.0462886 5.5753039 4.8484652 3.5656288 7.4262594 4.9326495 4.9326495 4.7607345 3.8108893 4.9326495 4.7882433 4.9381068 3.3312297 4.5947167 3.9270675 3.1230754 4.9155347 
NP_418713.1-bacteria    3.7103746 3.6842276 3.7550045 3.2301452 3.5256028 3.3304430 3.3433918 3.2956540 3.0051129 4.1947384 4.1329685 3.4566212 3.6635953 3.2727842 4.4525572 3.8809819 3.2494587 2.8242365 2.6593157 4.6117507 2.2820026 2.3491940 1.9973725 2.2193517 2.2665194 2.1265863 2.7830827 0.0000000 4.8167346 3.5561295 3.5561295 3.5561295 3.4467754 4.2290201 4.5742043 3.6525212 3.6051613 3.6051613 3.4454750 4.2070862 5.2083133 5.1016079 5.1674458 5.3653351 4.5623127 4.5387867 2.9700509 4.0444106 4.0444106 3.0460560 3.8953023 4.0444106 4.0813212 2.9617309 3.9686912 3.3557868 4.0831897 3.2474432 2.8247076 
WP_100086169.1-bacteria 2.5828958 2.6264137 2.5921342 3.7396668 2.8387527 3.8175398 3.2126801 2.9570242 3.6944587 3.5392613 3.2125013 2.9752416 2.8029984 2.9261848 2.9582251 3.4141129 3.1619368 3.5846076 4.0203991 3.7417422 4.0303371 4.1155577 3.5742213 4.0236023 3.5062208 5.1561426 5.0217184 4.8167346 0.0000000 4.4884056 4.4884056 4.4884056 4.5633685 3.9264433 4.6128241 3.1724559 3.0177606 3.0177606 3.1641385 3.2648862 4.3635593 4.1306872 4.1774036 4.2981715 4.3133359 3.7812805 3.1179966 4.0998672 4.0998672 3.8463863 3.0293708 4.0998672 3.8495720 3.5026150 4.0182496 3.0769496 3.7674356 3.6243325 3.4276857 
YP_008771927.1-phage    3.9362881 3.7293202 3.9858561 3.2763969 4.2844530 3.5256204 2.4636951 3.1130457 2.9602004 3.1816594 3.3542863 2.7810391 3.2295023 3.4116364 4.3996193 3.3526110 2.9834171 2.6924851 3.5884621 3.4032309 3.7361180 3.1248381 3.7984294 3.7362020 4.1499337 3.6308169 3.3981980 3.5561295 4.4884056 0.0000000 0.0000010 0.0000010 0.0343851 5.5862458 4.3950702 3.6767178 3.6498504 3.6498504 3.6024221 3.2650788 4.9697657 3.4657916 3.8397269 4.3070809 3.7341347 4.1120933 3.5973001 4.5695340 4.5695340 2.8724581 3.4655596 4.5695340 4.1320364 3.2051655 3.6101533 2.9964012 3.3615659 3.5487567 3.4133879 
YP_008770739.1-phage    3.9362881 3.7293202 3.9858561 3.2763969 4.2844530 3.5256204 2.4636951 3.1130457 2.9602004 3.1816594 3.3542863 2.7810391 3.2295023 3.4116364 4.3996193 3.3526110 2.9834171 2.6924851 3.5884621 3.4032309 3.7361180 3.1248381 3.7984294 3.7362020 4.1499337 3.6308169 3.3981980 3.5561295 4.4884056 0.0000010 0.0000000 0.0000010 0.0343851 5.5862458 4.3950702 3.6767178 3.6498504 3.6498504 3.6024221 3.2650788 4.9697657 3.4657916 3.8397269 4.3070809 3.7341347 4.1120933 3.5973001 4.5695340 4.5695340 2.8724581 3.4655596 4.5695340 4.1320364 3.2051655 3.6101533 2.9964012 3.3615659 3.5487567 3.4133879 
YP_009203629.1-phage    3.9362881 3.7293202 3.9858561 3.2763969 4.2844530 3.5256204 2.4636951 3.1130457 2.9602004 3.1816594 3.3542863 2.7810391 3.2295023 3.4116364 4.3996193 3.3526110 2.9834171 2.6924851 3.5884621 3.4032309 3.7361180 3.1248381 3.7984294 3.7362020 4.1499337 3.6308169 3.3981980 3.5561295 4.4884056 0.0000010 0.0000010 0.0000000 0.0343851 5.5862458 4.3950702 3.6767178 3.6498504 3.6498504 3.6024221 3.2650788 4.9697657 3.4657916 3.8397269 4.3070809 3.7341347 4.1120933 3.5973001 4.5695340 4.5695340 2.8724581 3.4655596 4.5695340 4.1320364 3.2051655 3.6101533 2.9964012 3.3615659 3.5487567 3.4133879 
YP_009196909.1-phage    3.8905877 3.6843707 3.9564467 3.2673376 4.3387795 3.6019824 2.4969678 3.1367880 2.9765553 3.1569272 3.5589331 2.6895082 3.1762896 3.4271712 4.5232314 3.3632610 2.8885327 2.6041125 3.6730523 3.3397625 3.8220715 3.0280453 3.6873099 3.6157973 4.0345190 3.5394091 3.4414920 3.4467754 4.5633685 0.0343851 0.0343851 0.0343851 0.0000000 5.4161377 4.2654188 3.6607457 3.6337484 3.6337484 3.5508447 3.2887530 5.0863283 3.5325634 3.9099207 4.2890424 3.7148996 4.1994401 3.6167901 4.5812026 4.5812026 2.7889650 3.4969605 4.5812026 4.1533940 3.2847957 3.5776655 3.0545266 3.2898704 3.4328537 3.3178347 
YP_002300398.1-phage    3.5878719 4.4218450 3.6753047 5.4988832 4.3157805 4.9813031 3.5273549 4.1284953 4.6168773 3.5983351 4.0691458 2.6624690 3.8738940 4.0962476 3.2845856 4.4053678 3.4158929 3.1771816 4.3488341 3.2598680 3.8443659 4.2280004 3.5076860 3.9128967 6.3726625 6.6492375 5.3306455 4.2290201 3.9264433 5.5862458 5.5862458 5.5862458 5.4161377 0.0000000 1.2275511 4.1787838 4.6235993 4.6235993 4.5934039 4.3949136 6.0951291 5.2120662 4.9908441 5.5065278 4.7889750 6.4474353 5.6228538 3.3755029 3.3755029 4.6874199 4.3497340 3.3755029 3.0586861 5.4154703 4.5762612 3.3591123 3.8444429 4.3436654 3.0102957 
YP_007003440.1-phage    3.7062403 4.2534675 3.8927088 4.1892393 3.9744567 3.7761518 3.1650735 2.9712817 3.5332166 3.2542585 3.9960877 2.8391758 3.1204416 3.2983899 3.2647632 3.8505439 2.6301069 2.4922071 4.6365851 3.6266773 3.9296667 3.8078198 4.4392819 3.0454964 5.5927920 6.3593816 4.4981426 4.5742043 4.6128241 4.3950702 4.3950702 4.3950702 4.2654188 1.2275511 0.0000000 3.6536412 3.9235658 3.9235658 3.9772538 3.3296109 5.4755975 3.7798522 3.7332353 3.7900785 3.6664072 5.6181715 4.8244601 4.3155960 4.3155960 4.6988249 3.5168966 4.3155960 3.4639352 5.6346132 3.3922878 3.2017892 3.1170862 3.0962527 2.3559163 
YP_008772001.1-phage    1.6170331 1.6157499 2.0190539 0.8112064 1.6853065 0.8689809 1.6121020 0.8552120 0.8633730 1.5808819 1.3074683 1.9057155 1.6167972 1.3782370 1.4081367 1.3757901 2.6180814 2.4433374 2.8625274 2.9645292 4.7593279 3.2373072 3.2469376 3.4526454 3.7314414 4.0467915 3.8199553 3.6525212 3.1724559 3.6767178 3.6767178 3.6767178 3.6607457 4.1787838 3.6536412 0.0000000 0.1267512 0.1267512 0.2467535 0.8834534 3.9002536 3.5864188 4.0059880 4.0113925 3.6938894 4.2407354 2.2966172 1.1451132 1.1451132 1.7529179 0.9321285 1.1451132 1.3158476 1.6695550 2.3665295 1.4407086 1.7757459 2.4016397 1.6532282 
YP_008770814.1-phage    1.5583248 1.6113256 2.0193554 0.8660870 1.7583684 0.9305826 1.6584076 0.8223363 0.8243485 1.6216002 1.3210996 1.8435611 1.8219068 1.4185368 1.3441866 1.3670313 2.7325603 2.6408857 3.0386061 2.8367492 4.9055840 3.2774925 3.5767995 3.5218034 4.0291939 3.7956631 4.1053273 3.6051613 3.0177606 3.6498504 3.6498504 3.6498504 3.6337484 4.6235993 3.9235658 0.1267512 0.0000000 0.0000010 0.2623188 0.8687593 4.1277848 3.5088640 3.9592502 4.1097916 3.8382468 4.3291971 2.4146995 1.2178709 1.2178709 1.7786654 0.9122714 1.2178709 1.4566863 1.8378396 2.3918018 1.5789599 1.5868184 2.5164897 1.6846720 
YP_009203702.1-phage    1.5583248 1.6113256 2.0193554 0.8660870 1.7583684 0.9305826 1.6584076 0.8223363 0.8243485 1.6216002 1.3210996 1.8435611 1.8219068 1.4185368 1.3441866 1.3670313 2.7325603 2.6408857 3.0386061 2.8367492 4.9055840 3.2774925 3.5767995 3.5218034 4.0291939 3.7956631 4.1053273 3.6051613 3.0177606 3.6498504 3.6498504 3.6498504 3.6337484 4.6235993 3.9235658 0.1267512 0.0000010 0.0000000 0.2623188 0.8687593 4.1277848 3.5088640 3.9592502 4.1097916 3.8382468 4.3291971 2.4146995 1.2178709 1.2178709 1.7786654 0.9122714 1.2178709 1.4566863 1.8378396 2.3918018 1.5789599 1.5868184 2.5164897 1.6846720 
YP_009196983.1-phage    1.5547937 1.6566467 2.1587080 0.8323302 1.8112005 0.9035811 1.6040379 0.7588024 0.8371392 1.6116991 1.3973057 1.7090816 1.7630734 1.2611339 1.5287619 1.3726997 3.0076474 2.6646523 3.3420230 3.0973501 4.8557632 3.1785539 3.4698657 3.5701417 3.6789871 3.5116826 4.2714321 3.4454750 3.1641385 3.6024221 3.6024221 3.6024221 3.5508447 4.5934039 3.9772538 0.2467535 0.2623188 0.2623188 0.0000000 0.8972485 4.3568613 3.4606061 3.9910236 3.7080484 3.3323680 4.5144045 2.3363981 1.2202905 1.2202905 1.8033044 0.7915607 1.2202905 1.4178475 1.8047600 2.3276810 1.4256012 1.7978566 2.3983704 1.7700683 
YP_009274876.1-phage    1.3233966 1.4670320 1.9796593 0.7665905 1.5828843 0.5931322 1.3205244 0.3258590 0.6235257 0.9655719 0.9112842 1.5804590 1.5282689 1.1007489 0.9673257 0.9325460 2.5844941 2.2304968 3.8716446 2.5527222 3.4516973 3.0783389 3.4162325 2.9076605 3.2661586 3.6502819 3.5165688 4.2070862 3.2648862 3.2650788 3.2650788 3.2650788 3.2887530 4.3949136 3.3296109 0.8834534 0.8687593 0.8687593 0.8972485 0.0000000 4.3075596 3.1204975 3.4535256 3.8637233 3.7438419 4.0069509 2.0299674 1.3138149 1.3138149 1.4498080 0.2888318 1.3138149 1.3292596 1.5418708 1.9917036 1.1730961 1.0990098 1.7381676 1.3992980 
YP_002300430.1-phage    3.8554256 4.3225682 3.9867788 4.8024818 3.5122109 4.1368810 3.6930654 4.2509499 4.2478329 5.0174036 3.3277461 4.2550815 4.2548217 3.6278450 4.4393313 3.3502110 3.7899328 3.2910454 5.0128294 5.0440368 6.4991427 4.3511429 4.9074030 4.3789364 5.6228583 6.2541761 4.6080452 5.2083133 4.3635593 4.9697657 4.9697657 4.9697657 5.0863283 6.0951291 5.4755975 3.9002536 4.1277848 4.1277848 4.3568613 4.3075596 0.0000000 2.4889509 2.6156874 2.4716447 2.6899149 0.7966813 5.0107225 3.9037253 3.9037253 4.6488454 3.9942693 3.9037253 4.3810968 6.0882861 4.0972375 4.9719077 4.3862674 3.9623431 3.7956878 
YP_009151693.1-phage    3.4166292 3.4953056 2.9271853 3.2034650 3.7929151 3.4612891 3.3067637 3.0748043 2.8378081 3.3576402 3.0839074 3.1420780 3.7175248 3.4392709 3.0637251 3.0094822 3.3237336 2.9633953 4.2431768 3.3401521 4.1716537 3.8846737 3.8958677 3.8101262 4.1228065 4.5972360 4.8433870 5.1016079 4.1306872 3.4657916 3.4657916 3.4657916 3.5325634 5.2120662 3.7798522 3.5864188 3.5088640 3.5088640 3.4606061 3.1204975 2.4889509 0.0000000 0.1087950 0.4086534 0.4569415 2.5345985 3.0192134 4.1754067 4.1754067 3.7344976 2.8144386 4.1754067 4.3530052 4.4477569 3.1989900 4.1887297 4.1254022 3.7432119 3.2244777 
YP_009274835.1-phage    3.3453479 3.4646433 3.1614217 3.6904924 3.6098038 4.0078644 3.2864984 3.3481904 2.8757277 3.6605594 3.1081297 3.0863904 3.7658906 3.8050234 3.1000326 3.0404849 3.3566149 3.1091364 4.4309756 3.4045300 4.2661588 4.0059440 3.9747093 3.5570930 4.1647238 5.0045969 5.0462886 5.1674458 4.1774036 3.8397269 3.8397269 3.8397269 3.9099207 4.9908441 3.7332353 4.0059880 3.9592502 3.9592502 3.9910236 3.4535256 2.6156874 0.1087950 0.0000000 0.5048766 0.5462711 2.5276670 2.9989858 4.4255276 4.4255276 3.6721262 3.2900873 4.4255276 4.3919366 4.3556174 3.2568084 4.5889480 4.1117815 3.7077445 3.3402744 
YP_009832112.1-phage    4.3672870 4.1856859 3.8150267 3.6563590 3.9031278 3.9090441 3.6735612 3.3372865 3.2643885 3.7458143 3.1348865 3.5108221 3.9232836 3.7135848 3.8629388 3.0526178 3.0747585 3.1192625 5.5315149 3.4957992 4.9778022 4.4313264 4.3704338 3.6304365 4.6325555 5.4415974 5.5753039 5.3653351 4.2981715 4.3070809 4.3070809 4.3070809 4.2890424 5.5065278 3.7900785 4.0113925 4.1097916 4.1097916 3.7080484 3.8637233 2.4716447 0.4086534 0.5048766 0.0000000 0.3325456 2.0518480 3.5520517 4.8217520 4.8217520 3.7698721 3.5096092 4.8217520 4.4126002 4.6771045 3.6499603 4.7097221 4.4394037 4.3083608 3.9240015 
YP_009031424.1-phage    3.7633977 3.6968115 3.4400417 3.4035810 3.7082663 3.6579426 3.1630666 3.3190508 3.2340868 3.5363309 3.2168028 3.4179017 3.2228597 3.4241229 3.3962293 3.2650643 3.6051165 3.5425032 4.7616189 3.1897929 4.5466592 3.8383373 4.2389092 3.7999541 4.3844475 4.7916392 4.8484652 4.5623127 4.3133359 3.7341347 3.7341347 3.7341347 3.7148996 4.7889750 3.6664072 3.6938894 3.8382468 3.8382468 3.3323680 3.7438419 2.6899149 0.4569415 0.5462711 0.3325456 0.0000000 2.2094171 3.3568679 4.3280413 4.3280413 3.5268162 3.7515715 4.3280413 4.2111879 4.2252550 3.2316350 4.7596878 3.8901657 3.7108889 3.3255018 
YP_007003457.1-phage    4.2638957 4.2934552 4.0937898 3.9255756 3.6018956 3.5435506 3.6409286 3.4484865 3.2434193 4.3186410 3.0688383 3.8908428 3.8729234 3.6714557 4.2406795 3.1148879 3.1789944 3.1668624 5.0684480 3.3099187 6.9062862 3.7843059 4.8490945 4.2287002 4.6041433 5.2864945 3.5656288 4.5387867 3.7812805 4.1120933 4.1120933 4.1120933 4.1994401 6.4474353 5.6181715 4.2407354 4.3291971 4.3291971 4.5144045 4.0069509 0.7966813 2.5345985 2.5276670 2.0518480 2.2094171 0.0000000 4.2918036 3.9063602 3.9063602 4.5426200 3.8040758 3.9063602 3.8604338 4.7934186 3.6599888 4.8574362 4.1786819 2.5512750 4.2023972 
YP_002300332.1-phage    2.5581482 2.5353449 2.7661247 2.0369969 2.6518163 2.1146797 2.6881464 1.9416821 2.1773186 2.9519220 2.1136528 2.3060826 3.1397315 1.9642601 2.0954204 2.0618484 3.5794167 3.4180690 4.2784584 4.3825194 4.6505310 4.2402563 3.4590718 3.8496451 4.1718550 3.4811818 7.4262594 2.9700509 3.1179966 3.5973001 3.5973001 3.5973001 3.6167901 5.6228538 4.8244601 2.2966172 2.4146995 2.4146995 2.3363981 2.0299674 5.0107225 3.0192134 2.9989858 3.5520517 3.3568679 4.2918036 0.0000000 2.6182218 2.6182218 2.2863722 1.9987266 2.6182218 2.7380248 2.2907927 3.3180729 2.1780690 2.6535693 2.9231676 2.0739310 
YP_008771969.1-phage    2.4553693 2.6831202 2.7307138 1.5872789 2.5439298 1.4945894 2.1546117 1.2833924 1.2354718 1.5626456 1.5688199 2.5554378 2.4246130 1.7918579 2.2885409 1.6779191 3.3572825 3.3399910 5.4289522 4.8680729 5.2711022 3.9609586 3.8228905 3.8750121 4.7145237 4.7008759 4.9326495 4.0444106 4.0998672 4.5695340 4.5695340 4.5695340 4.5812026 3.3755029 4.3155960 1.1451132 1.2178709 1.2178709 1.2202905 1.3138149 3.9037253 4.1754067 4.4255276 4.8217520 4.3280413 3.9063602 2.6182218 0.0000000 0.0000010 1.9716370 1.2985904 0.0000010 0.3281374 2.1070497 2.6893498 1.7620131 2.0583428 2.5499236 1.7568842 
YP_008770783.1-phage    2.4553693 2.6831202 2.7307138 1.5872789 2.5439298 1.4945894 2.1546117 1.2833924 1.2354718 1.5626456 1.5688199 2.5554378 2.4246130 1.7918579 2.2885409 1.6779191 3.3572825 3.3399910 5.4289522 4.8680729 5.2711022 3.9609586 3.8228905 3.8750121 4.7145237 4.7008759 4.9326495 4.0444106 4.0998672 4.5695340 4.5695340 4.5695340 4.5812026 3.3755029 4.3155960 1.1451132 1.2178709 1.2178709 1.2202905 1.3138149 3.9037253 4.1754067 4.4255276 4.8217520 4.3280413 3.9063602 2.6182218 0.0000010 0.0000000 1.9716370 1.2985904 0.0000010 0.3281374 2.1070497 2.6893498 1.7620131 2.0583428 2.5499236 1.7568842 
YP_009151727.1-phage    1.8580134 2.0106544 2.1795183 1.5123594 2.0231808 1.5680645 1.5749839 1.5585911 1.1966650 1.1941916 1.6050479 1.5553738 1.5998840 1.7143326 2.2368759 1.3913354 2.7711315 2.3061314 3.1058314 2.5149190 2.9292143 2.7608577 2.8624413 2.6722054 2.5377803 4.0215756 4.7607345 3.0460560 3.8463863 2.8724581 2.8724581 2.8724581 2.7889650 4.6874199 4.6988249 1.7529179 1.7786654 1.7786654 1.8033044 1.4498080 4.6488454 3.7344976 3.6721262 3.7698721 3.5268162 4.5426200 2.2863722 1.9716370 1.9716370 0.0000000 1.4135270 1.9716370 1.8834270 0.2013308 2.1227955 1.9014448 1.4795737 2.9844649 1.6866219 
YP_009151728.1-phage    1.3964403 1.4419549 1.7853521 0.7444894 1.5034628 0.7336152 1.3723829 0.3818508 0.5851584 1.0988977 0.9314883 1.5541289 1.5213096 1.0377582 1.2715496 0.9443761 2.5669566 2.1960642 4.0451964 2.5400786 3.8670690 3.4881563 3.4932090 3.3030838 3.7310486 3.9835989 3.8108893 3.8953023 3.0293708 3.4655596 3.4655596 3.4655596 3.4969605 4.3497340 3.5168966 0.9321285 0.9122714 0.9122714 0.7915607 0.2888318 3.9942693 2.8144386 3.2900873 3.5096092 3.7515715 3.8040758 1.9987266 1.2985904 1.2985904 1.4135270 0.0000000 1.2985904 1.4955760 1.4914799 1.7869211 1.1714702 1.0020857 1.6388921 1.5789739 
YP_009203671.1-phage    2.4553693 2.6831202 2.7307138 1.5872789 2.5439298 1.4945894 2.1546117 1.2833924 1.2354718 1.5626456 1.5688199 2.5554378 2.4246130 1.7918579 2.2885409 1.6779191 3.3572825 3.3399910 5.4289522 4.8680729 5.2711022 3.9609586 3.8228905 3.8750121 4.7145237 4.7008759 4.9326495 4.0444106 4.0998672 4.5695340 4.5695340 4.5695340 4.5812026 3.3755029 4.3155960 1.1451132 1.2178709 1.2178709 1.2202905 1.3138149 3.9037253 4.1754067 4.4255276 4.8217520 4.3280413 3.9063602 2.6182218 0.0000010 0.0000010 1.9716370 1.2985904 0.0000000 0.3281374 2.1070497 2.6893498 1.7620131 2.0583428 2.5499236 1.7568842 
YP_009196951.1-phage    2.4508150 2.6255344 2.9978100 1.5377633 2.4523393 1.4039638 1.7975098 1.2861824 1.3889566 1.3556598 1.5615206 2.4206952 1.9258379 1.8000671 2.1203221 1.4200817 3.1078963 3.1606114 4.2539858 4.6644077 4.3343861 3.8776838 4.0922608 3.8576839 4.6357300 5.3885957 4.7882433 4.0813212 3.8495720 4.1320364 4.1320364 4.1320364 4.1533940 3.0586861 3.4639352 1.3158476 1.4566863 1.4566863 1.4178475 1.3292596 4.3810968 4.3530052 4.3919366 4.4126002 4.2111879 3.8604338 2.7380248 0.3281374 0.3281374 1.8834270 1.4955760 0.3281374 0.0000000 2.1905073 2.9676864 1.7375821 2.0162183 2.2224410 1.6463580 
YP_009274875.1-phage    2.1054253 2.1578241 2.2089783 1.5399501 2.0034248 1.7097595 1.6746620 1.6268563 1.1174212 1.2891621 1.5188058 1.7801835 1.7099731 1.8411024 2.1823520 1.5768154 3.1683444 2.7851812 3.2252117 2.9547700 3.0453065 2.9867102 2.9546035 2.9401635 2.6134215 3.7028111 4.9381068 2.9617309 3.5026150 3.2051655 3.2051655 3.2051655 3.2847957 5.4154703 5.6346132 1.6695550 1.8378396 1.8378396 1.8047600 1.5418708 6.0882861 4.4477569 4.3556174 4.6771045 4.2252550 4.7934186 2.2907927 2.1070497 2.1070497 0.2013308 1.4914799 2.1070497 2.1905073 0.0000000 2.0809666 1.8814328 1.7447160 3.1790576 2.0636602 
YP_009832138.1-phage    1.9094205 2.0746995 2.0205250 1.7862992 2.3059485 1.7676475 1.4552625 2.1121768 1.6525301 1.9167920 1.9695539 1.8666859 1.9471713 2.7232978 1.6765819 1.9970176 2.7442693 2.3252712 2.9015671 3.5931701 3.3707608 2.5530331 2.8002593 2.5439067 3.0913266 3.2246702 3.3312297 3.9686912 4.0182496 3.6101533 3.6101533 3.6101533 3.5776655 4.5762612 3.3922878 2.3665295 2.3918018 2.3918018 2.3276810 1.9917036 4.0972375 3.1989900 3.2568084 3.6499603 3.2316350 3.6599888 3.3180729 2.6893498 2.6893498 2.1227955 1.7869211 2.6893498 2.9676864 2.0809666 0.0000000 2.3542036 1.7213895 3.1745408 2.6343148 
YP_512346.1-phage       2.0763327 1.7349519 2.1688861 1.0614893 2.6618802 1.3944169 2.1897828 1.1542526 1.2933967 1.6336184 1.3329263 1.8148128 1.8211057 1.7048765 1.1697982 1.3829375 1.9452121 1.9787221 2.9878692 3.6980249 3.8424946 3.8196069 3.4332760 3.5709085 4.1761833 5.4401816 4.5947167 3.3557868 3.0769496 2.9964012 2.9964012 2.9964012 3.0545266 3.3591123 3.2017892 1.4407086 1.5789599 1.5789599 1.4256012 1.1730961 4.9719077 4.1887297 4.5889480 4.7097221 4.7596878 4.8574362 2.1780690 1.7620131 1.7620131 1.9014448 1.1714702 1.7620131 1.7375821 1.8814328 2.3542036 0.0000000 1.5372187 2.2813875 1.4847272 
YP_009031481.1-phage    1.3777049 1.4475661 1.8244463 1.2238867 1.5709773 1.3203092 1.2977126 1.1242816 1.0416943 1.5434687 1.1929751 1.4437130 1.4533586 1.5380770 0.8571629 1.2066817 2.4971504 2.3366566 3.7410041 2.5385001 4.2167230 3.1711272 3.7268931 2.8533708 4.1750215 4.0260458 3.9270675 4.0831897 3.7674356 3.3615659 3.3615659 3.3615659 3.2898704 3.8444429 3.1170862 1.7757459 1.5868184 1.5868184 1.7978566 1.0990098 4.3862674 4.1254022 4.1117815 4.4394037 3.8901657 4.1786819 2.6535693 2.0583428 2.0583428 1.4795737 1.0020857 2.0583428 2.0162183 1.7447160 1.7213895 1.5372187 0.0000000 2.3318401 1.4520786 
YP_009031482.1-phage    2.2469983 2.1518088 2.7875931 1.7997375 2.7869463 1.8560200 2.2394841 1.5201924 1.8540309 2.0190736 2.4547459 2.5111660 2.0242334 1.5440645 3.3162680 2.5240718 2.7557293 2.4378530 3.4037388 3.0622165 5.1780205 3.0341800 4.2395031 3.8074891 4.8211212 4.1950980 3.1230754 3.2474432 3.6243325 3.5487567 3.5487567 3.5487567 3.4328537 4.3436654 3.0962527 2.4016397 2.5164897 2.5164897 2.3983704 1.7381676 3.9623431 3.7432119 3.7077445 4.3083608 3.7108889 2.5512750 2.9231676 2.5499236 2.5499236 2.9844649 1.6388921 2.5499236 2.2224410 3.1790576 3.1745408 2.2813875 2.3318401 0.0000000 2.2829198 
YP_007003377.1-phage    1.6472149 1.6815903 2.1910745 1.6151278 2.0564271 1.5382880 1.6198535 1.4309180 1.5270703 1.5804516 1.5263540 1.9772993 1.7346236 1.4606374 1.6323032 1.3995623 2.0735084 1.9793251 4.6523171 3.4590620 3.9791115 3.6876823 3.2429035 2.9592897 3.3228076 4.4620845 4.9155347 2.8247076 3.4276857 3.4133879 3.4133879 3.4133879 3.3178347 3.0102957 2.3559163 1.6532282 1.6846720 1.6846720 1.7700683 1.3992980 3.7956878 3.2244777 3.3402744 3.9240015 3.3255018 4.2023972 2.0739310 1.7568842 1.7568842 1.6866219 1.5789739 1.7568842 1.6463580 2.0636602 2.6343148 1.4847272 1.4520786 2.2829198 0.0000000 
