205
WP_003226225.1-bacteria 0.0000000 0.1207672 0.5622388 1.1374495 1.2507470 1.0598915 1.1883330 1.0506193 1.2191065 1.2973911 1.1824941 1.2482078 1.3890914 1.9927213 1.2694085 1.9440192 1.4826990 1.6125601 1.5482771 1.3926104 1.4175912 1.7029202 2.0488760 1.4715015 1.6664879 1.8044351 1.4193379 1.7497449 1.2668866 1.2706812 1.4663194 1.2868019 1.4613522 1.8384217 2.0240340 1.5874774 1.0265295 1.7264876 1.5915500 1.3308998 1.9990630 2.7053551 2.2429762 1.9581747 2.0907462 2.6384537 2.7410876 2.5118389 1.9424837 3.1648180 4.3933096 3.5807290 3.7357194 3.8381894 3.2343233 3.0520942 3.6614012 3.1532974 3.7825376 2.4689864 3.2188330 4.3911732 4.3911732 4.3079890 4.0882830 3.7680727 3.7680727 4.2267065 4.3092879 1.4540926 1.4737372 1.4737372 1.4674661 1.3165347 1.3957208 2.2024639 2.1896917 2.5708970 2.4199856 2.5708970 2.6515521 4.1133618 4.0232719 3.2056050 3.0375066 3.1221863 3.4131514 3.2222989 3.0375066 3.6962672 5.2426645 5.2426645 3.2415672 5.3138278 3.2415672 4.1133618 3.8136023 3.1221863 3.0972486 3.4799672 3.4799672 3.1227436 3.1227436 3.1473475 3.2056050 3.0972486 3.2682000 2.8855121 4.4217601 4.0232719 3.1473475 2.8237130 3.2020322 3.8764826 3.6623581 3.8135847 3.6623581 3.6234218 4.4129972 4.5725949 4.0016802 3.6856429 5.4278350 3.1540274 4.2292094 2.9194976 2.9671912 2.5071814 2.7954937 2.5071814 2.5260445 2.9194976 2.8100912 2.4083762 1.3526625 1.3520244 1.5534482 1.2374863 2.2569061 1.9190482 1.7420676 1.5027701 1.8542072 2.2477760 2.2406485 2.1764489 2.1046915 2.1609269 2.2818405 2.8131439 2.3463372 1.3206833 2.1441224 2.5315887 2.6122959 1.7607887 2.6122959 1.7199448 2.1807256 2.1987749 2.1987749 2.1892141 1.7330435 2.1794462 2.1609269 1.5534482 1.2374863 1.5557745 2.2215195 1.4035500 1.7404234 1.3913796 2.6202978 2.5315887 2.6517562 2.4635113 1.8359458 1.3051813 1.2354099 1.8181806 2.8131439 2.0392271 1.8230953 1.8063258 1.3938818 2.2631493 2.1794462 2.1892141 2.2631493 2.2406485 2.2091185 2.0392271 1.4134585 1.3493036 1.8324441 1.4778248 1.9669733 1.6655535 1.9546580 1.9546580 1.3493036 1.8324441 1.9820042 2.4229996 1.9917907 
NP_417539.1-bacteria    0.1207672 0.0000000 0.5965471 1.0247936 1.1822467 1.0824011 1.1245268 1.0497319 1.1542225 1.2420688 1.1854188 1.2977457 1.3698170 1.8792465 1.2436953 1.7183715 1.3990422 1.5463167 1.7156227 1.4100238 1.5835052 1.5675389 1.9150126 1.4362139 1.7503072 1.8764536 1.6064777 1.6574344 1.2211551 1.2247695 1.6707736 1.2780537 1.6214508 1.5010882 1.9648920 1.6504631 1.0050352 1.8428668 1.6720396 1.2766821 1.9261813 2.5115221 2.2465323 2.1282995 2.2577686 2.4170699 2.6684251 2.2148873 1.8728041 3.2986483 4.8750321 4.0988283 3.8530494 4.0789972 3.7267109 2.9436368 4.0081247 3.4100098 3.4312348 2.3526025 3.1401087 3.9149702 3.9149702 3.8370214 4.3281480 3.4445242 3.4445242 4.4612947 4.1641332 1.4104623 1.4895386 1.4895386 1.3906757 1.4532723 1.3088665 2.1656591 1.9936098 2.4237499 2.2829357 2.4237499 2.4912954 3.8500184 3.8549519 3.2614367 3.3787985 3.3544027 3.2706146 3.1917231 3.3787985 3.5422376 4.9183548 4.9183548 3.4789180 4.9848420 3.4789180 3.8500184 3.6326082 3.3544027 3.1673346 3.9332744 3.9332744 3.4749790 3.4749790 3.3769324 3.2614367 3.1673346 3.2713926 2.9620704 3.7724700 3.8549519 3.3769324 2.9223413 3.1382051 3.6888932 3.0717093 3.6328082 3.0717093 3.4509160 4.2514864 4.4010450 3.4837962 3.4875270 5.3772114 3.5100900 3.7283638 2.6971713 2.7420762 2.5174113 2.5046982 2.5174113 2.5362144 2.6971713 2.5165295 2.2045598 1.3826672 1.4682740 1.4834211 1.3143605 2.0888540 1.7523985 1.5980033 1.5800883 1.8014573 2.0130386 2.0734620 2.1282800 2.0630727 2.0423397 2.0351501 2.6626935 2.1495326 1.3190192 2.2250409 2.6893140 2.5414104 1.6854531 2.5414104 1.5547007 1.9130545 2.2657668 2.2657668 2.0858450 1.6949709 2.1312392 2.0423397 1.4834211 1.3143605 1.6620092 1.9506267 1.2477703 1.7337453 1.3337138 2.7835528 2.6893140 2.5798706 2.4230329 1.7034694 1.4092029 1.1254842 1.8166989 2.6626935 1.9627894 1.8065085 1.7050544 1.3813912 2.1916711 2.1312392 2.0858450 2.1916711 2.0734620 2.1597730 1.9627894 1.5412206 1.4479511 1.7265731 1.4895438 2.0186737 1.5991766 1.6463714 1.6463714 1.4479511 1.7265731 1.9608419 2.2965087 1.8148354 
NP_417221.1-bacteria    0.5622388 0.5965471 0.0000000 1.3331600 1.5323742 1.3673126 1.5179882 1.4781757 1.5673114 1.6832146 1.4889198 1.5102547 1.4647130 1.7514956 1.4510191 2.0385661 1.5615072 1.6687265 2.1468559 1.7727248 1.9346122 1.7757623 2.0129471 1.6779614 2.0376810 1.8461815 1.8325905 1.9578486 1.4744320 1.4724569 2.1294037 1.8677921 1.8169973 2.1678113 2.0410705 2.0119108 0.9755944 2.1902453 1.8399772 1.6347947 2.1623590 3.4099613 2.3346107 2.7422726 2.7250926 2.9917781 3.5741451 2.9844334 2.1247459 3.4150543 5.6192994 4.3857721 4.2329596 4.1037201 4.0537784 3.0209162 4.2281121 3.4909353 4.5305553 2.7298673 2.8086041 4.1754554 4.1754554 4.1149765 4.5168408 3.8626203 3.8626203 4.6711077 4.4928596 1.9108055 2.0127216 2.0127216 2.0315374 1.9374201 1.5432301 3.0905677 2.4472033 3.0622627 2.8889091 3.0622627 2.8880484 4.1054722 3.6806769 2.9070454 3.5943993 3.6522407 2.7712410 3.2570135 3.5943993 3.6673936 4.5758055 4.5758055 3.6881532 4.6269436 3.6881532 4.1054722 3.3881424 3.6522407 3.3647232 4.0198284 4.0198284 3.6937136 3.6937136 3.5830246 2.9070454 3.3647232 2.8695170 2.4189709 3.7754267 3.6806769 3.5830246 2.6529156 3.2671715 3.2481123 3.5494740 3.3886157 3.5494740 3.3164812 3.7561455 3.8395788 3.4221579 3.2700236 5.3343472 3.7297495 3.9522485 3.0230248 3.0751576 2.8487065 2.9026940 2.8487065 2.8712462 3.0230248 2.9627577 2.6185821 1.7667492 1.9691624 2.0196143 1.6935665 2.2732160 2.0215193 2.1753896 1.7721164 1.9820349 2.6691463 2.2664597 2.2260148 2.6748962 2.3705745 2.7163129 2.8621429 2.5522131 1.6391666 2.8080402 3.0330265 2.9142427 2.1198798 2.9142427 1.7012699 2.6278099 2.2123654 2.2123654 2.4131395 1.7297401 2.1835851 2.3705745 2.0196143 1.6935665 1.6248709 2.6717031 1.6569855 2.1141490 1.7277856 3.1240629 3.0330265 2.9456530 2.8944796 1.9613505 1.7909910 1.7201921 2.2132845 2.8621429 2.5711634 2.1160886 2.1050582 1.7634458 2.2907740 2.1835851 2.4131395 2.2907740 2.2664597 2.3079083 2.5711634 1.8206880 1.9186503 2.2392410 1.7863334 2.3447951 2.4576689 2.1275645 2.1275645 1.9186503 2.2392410 2.2101343 2.3502143 2.4466055 
WP_003416101.1-bacteria 1.1374495 1.0247936 1.3331600 0.0000000 0.5571174 1.5119005 0.3164650 1.2129578 0.3233836 0.5773803 0.7082093 1.5905026 0.9959546 1.2961311 0.9057152 1.4262837 1.1041208 1.1229206 1.2499208 1.2984209 1.6364895 1.3438086 1.2688141 1.1807663 1.5558539 1.3919373 1.8765920 1.2064768 0.8114551 0.8099160 1.7055666 1.6861960 1.4924166 1.2737170 1.8424681 1.6702674 0.8382443 1.7690717 1.7607622 0.9664146 1.3219626 2.8616055 2.0916541 2.0898843 1.9882748 2.6649086 2.9143563 2.6555818 1.9248054 3.1882076 3.7568176 4.1996166 3.5973095 3.4259641 3.7158803 3.0883323 4.2543580 4.2107137 3.5316211 3.0484865 2.9337821 3.0041912 3.0041912 2.9524500 4.1245740 4.0287474 4.0287474 4.1950341 3.6590362 0.8289410 0.9577707 0.9577707 0.8744077 0.7746708 0.9449071 1.8749396 1.7027716 2.3206505 2.3588676 2.3206505 2.2913303 4.3154421 2.7691580 2.7039382 3.9331043 3.5767349 2.5500379 2.6215177 3.9331043 3.1580618 5.1147618 5.1147618 3.5868410 5.1374015 3.5868410 4.3154421 2.9947249 3.5767349 2.6844313 4.1326670 4.1326670 4.0039116 4.0039116 3.4846829 2.7039382 2.6844313 3.2875211 2.7364304 4.6350198 2.7691580 3.4846829 2.8786437 2.8661718 2.8626196 4.1009370 2.9763020 4.1009370 2.7849023 3.2343423 3.2868132 3.3141710 3.1147183 4.1969256 3.9614058 3.3489444 2.1281641 2.1749150 2.1496664 1.8936058 2.1496664 2.1146941 2.1281641 1.9248897 1.9253204 0.8951948 1.2027634 1.4239134 1.1579586 1.3628633 1.1124115 1.4085227 1.0988608 1.6780835 1.9496930 1.4270233 1.4474967 1.3776201 1.7649693 1.3592264 1.8445664 1.8648359 0.9047441 2.1896947 2.5871351 1.5096560 1.7959950 1.5096560 1.4565064 2.0593703 1.5653107 1.5653107 1.6844353 1.4168227 1.6134413 1.7649693 1.4239134 1.1579586 1.4799258 2.0123244 0.8071989 1.4776596 0.7255253 2.5941968 2.5871351 1.5365734 1.4523536 1.3269395 1.1191455 0.9831624 1.4114092 1.8445664 1.2875918 1.4602161 1.4493604 1.1389551 1.5438606 1.6134413 1.6844353 1.5438606 1.4270233 1.5657529 1.2875918 1.4386948 1.1954358 1.6500501 1.0053665 1.5732545 1.0812583 1.0556077 1.0556077 1.1954358 1.6500501 1.7139663 1.4157309 1.6889373 
WP_000350729.1-bacteria 1.2507470 1.1822467 1.5323742 0.5571174 0.0000000 1.5116526 0.4291675 1.2666475 0.4191489 0.0718972 0.4169530 1.5507554 0.8346444 1.1574952 1.1665518 1.1967141 1.0604370 0.9384773 1.3693100 1.3782243 1.9565491 0.9850471 1.2016675 1.1885356 1.3519133 1.2350192 1.7654767 0.8904795 0.9911099 0.9893453 1.5294096 1.8553001 1.4560042 1.2468170 1.7879634 1.7659476 1.0405006 1.7225176 1.6393962 0.9990080 1.2777012 3.0499873 1.8309100 1.8970425 1.6655908 2.6239658 2.7902045 2.5659923 1.8762316 3.3294400 3.0109591 3.9421010 3.1855609 3.5455691 3.7264385 2.6549176 3.4645396 3.4557998 3.0405727 2.9247512 3.2766523 3.0179925 3.0179925 3.0702706 3.6981449 3.5410296 3.5410296 3.7120348 3.3649005 0.7308475 0.7301460 0.7301460 0.6374809 0.3163564 1.1857478 1.4704837 2.1033792 2.1729674 2.2998334 2.1729674 1.9388574 4.0116482 2.9171371 2.9300302 3.5638110 3.3103598 2.8195778 2.5595138 3.5638110 3.1393336 4.4517444 4.4517444 3.3186596 4.4616125 3.3186596 4.0116482 2.9182901 3.3103598 2.6602861 3.6157853 3.6157853 3.6308598 3.6308598 3.4062609 2.9300302 2.6602861 3.2484846 2.8232108 4.1399603 2.9171371 3.4062609 2.7985319 2.9438118 3.0078496 3.7244811 2.9004224 3.7244811 2.8642975 3.5413979 3.6565489 3.2888478 3.0901820 3.8854840 3.5903048 3.5171019 2.3396555 2.3856622 2.3577243 2.1896576 2.3577243 2.3174150 2.3396555 2.2345836 1.6638333 0.7888588 1.0740806 1.2882321 1.0421346 1.9101859 1.3184145 1.3072538 1.0254389 1.4883818 1.7358565 1.8760764 1.6973195 1.2282246 1.6828185 1.3567520 1.7905903 1.6130608 0.9748237 2.1612627 2.2832606 1.1907326 1.6204741 1.1907326 1.2275311 1.8335029 1.7004757 1.7004757 2.1625348 1.7000573 2.0811761 1.6828185 1.2882321 1.0421346 1.2665063 1.7928327 0.4475138 1.4266192 0.3098740 2.4142000 2.2832606 1.2190050 1.3909902 1.3493450 1.0665925 0.6619812 1.2374573 1.7905903 1.4580710 1.4604985 1.3426662 1.0980549 2.0706969 2.0811761 2.1625348 2.0706969 1.8760764 2.0779810 1.4580710 1.7290046 1.2258085 1.4010148 1.0493168 1.8188597 1.0713244 1.2361561 1.2361561 1.2258085 1.4010148 1.6459332 2.1793051 1.6136901 
NP_417918.1-bacteria    1.0598915 1.0824011 1.3673126 1.5119005 1.5116526 0.0000000 1.5260073 1.7495034 1.4424901 1.5524183 1.6591420 2.0113392 1.7120283 1.7456307 1.4655189 2.1237825 1.8257768 1.8698714 1.6018902 1.3788885 2.0424938 1.7170039 2.3078050 1.7996957 1.6180668 1.5241487 2.1461930 1.6482849 1.2824492 1.2776055 2.4226218 2.1755660 1.9516254 1.8533693 1.9525371 2.0629323 0.9947852 2.0617893 2.0631550 1.4384001 2.1116747 2.2348480 2.0777442 2.2267692 1.8955315 2.3143726 2.3999857 2.2722527 1.8197719 4.2095787 3.9912579 4.2610770 4.8912587 3.9515882 4.0305278 3.0964212 4.5445739 3.1381419 3.1231810 2.9183610 3.6190205 3.8829202 3.8829202 3.9368579 4.0832148 4.3039540 4.3039540 4.2271959 4.5795800 1.8131345 2.0104967 2.0104967 1.9538157 1.7301771 1.6115226 2.2722590 2.6745518 3.1598037 3.2137303 3.1598037 3.3988537 3.7116516 3.6816153 3.2276871 3.5658667 3.7189921 3.2876292 3.1816104 3.5658667 3.4250141 4.0761648 4.0761648 3.8475670 3.9348897 3.8475670 3.7116516 3.8873917 3.7189921 3.2033217 4.1224815 4.1224815 3.6344180 3.6344180 3.7358739 3.2276871 3.2033217 3.3414736 3.1982463 4.0049428 3.6816153 3.7358739 3.2497292 3.1941592 3.6608425 3.8923318 3.8872911 3.8923318 3.1796453 3.8423760 3.9525173 3.8802237 3.2066710 4.9519251 3.7559059 3.6728639 2.5566057 2.6035298 2.3595827 2.3801566 2.3595827 2.3493488 2.5566057 2.4283443 2.3913649 1.7845009 1.1987137 2.1983501 1.3901010 2.1639691 2.2960875 2.0332262 1.7639161 2.6649384 2.2086560 2.2380625 2.5049705 2.1283670 2.3412199 2.5120219 2.7206624 2.3297613 1.5094554 2.6937156 3.2023873 2.7346950 2.1143626 2.7346950 2.0213403 2.2968814 2.2832660 2.2832660 2.6522441 2.0167848 2.5318992 2.3412199 2.1983501 1.3901010 2.2224131 2.3287617 1.8219263 1.9555398 1.6663149 3.1622182 3.2023873 2.7654570 2.6384135 2.5533648 1.1944598 1.2748023 2.5335194 2.7206624 2.4006548 1.9697792 2.1358110 1.7484260 2.3363718 2.5318992 2.6522441 2.3363718 2.2380625 2.5323138 2.4006548 2.0954723 1.6005542 2.4787702 1.3685413 2.4671566 2.0716099 2.6927237 2.6927237 1.6005542 2.4787702 2.5434924 2.2771356 2.2905171 
WP_009967190.1-bacteria 1.1883330 1.1245268 1.5179882 0.3164650 0.4291675 1.5260073 0.0000000 1.4311632 0.0266846 0.4902530 0.7036377 1.6427667 0.9279844 1.4069424 0.9892186 1.4238880 1.1560874 1.1092415 1.4768591 1.2663841 1.8872684 1.3594283 1.3488410 1.2225931 1.4892252 1.5203793 2.1415359 1.2180394 0.9851754 0.9834279 1.9412645 1.9757835 1.5861676 1.2625275 1.7758334 1.9515255 1.2199248 1.9963489 1.8850746 1.0228433 1.4242123 3.5948389 1.9257092 2.2965612 2.2703035 2.8987243 2.8451256 2.9609665 2.0777830 3.1981963 4.0843379 4.2908242 3.8038969 3.2218314 3.8160975 3.2554629 4.3039842 4.5058336 3.6534960 3.4146097 3.6873003 3.3408056 3.3408056 3.3967869 4.2824802 4.0834322 4.0834322 4.3637228 4.1478794 0.9028082 1.0338436 1.0338436 0.8745153 0.6114648 1.0650713 1.8370373 2.1137684 1.9179815 1.9578475 1.9179815 1.8769111 4.1136120 3.2847884 3.0704723 4.5817617 4.0525444 2.9391052 3.1013803 4.5817617 3.6251166 4.5159131 4.5159131 4.0672911 4.5306882 4.0672911 4.1136120 3.2842491 4.0525444 3.3026462 4.8236225 4.8236225 4.6702657 4.6702657 4.1027088 3.0704723 3.3026462 3.6228773 3.1755649 4.9635651 3.2847884 4.1027088 3.3472609 3.5264262 3.3444016 4.1167364 3.2642736 4.1167364 3.1231346 3.5353745 3.5385563 3.6598714 3.2730683 4.4422411 4.6175677 3.2640634 2.5445809 2.5992609 2.5554128 2.3761973 2.5554128 2.5098302 2.5445809 2.4196645 2.0833166 0.9717737 1.0148026 1.4592514 1.2259579 1.6802690 1.4525070 1.4776102 1.2990775 2.0957200 1.9766872 1.6623851 1.6790365 1.3736086 1.5532604 1.4342851 2.1339189 2.0153739 1.0672870 2.6679969 2.9401998 1.4611649 1.5323259 1.4611649 1.3271676 2.0940563 1.6958015 1.6958015 1.9365313 1.7563998 1.8608964 1.5532604 1.4592514 1.2259579 1.6687673 2.0435639 0.7965238 1.5317173 0.6652949 3.1298068 2.9401998 1.4926966 1.4419488 1.6924805 0.9887569 0.8602015 1.4443273 2.1339189 1.6000731 1.5987298 1.5163192 1.3208591 1.8538565 1.8608964 1.9365313 1.8538565 1.6623851 1.8681322 1.6000731 1.3764805 1.3639790 1.6175322 1.1633382 1.6132143 1.0257670 1.3877595 1.3877595 1.3639790 1.6175322 1.7599385 1.7560949 1.8713369 
WP_003435969.1-bacteria 1.0506193 1.0497319 1.4781757 1.2129578 1.2666475 1.7495034 1.4311632 0.0000000 1.4667263 1.2249400 1.1771471 0.5488599 1.3454146 1.5458404 1.2917416 1.7988211 1.3200600 1.4196336 1.2890894 1.1945058 0.8559599 1.2847274 1.9019447 1.2798199 1.6083937 1.5600212 0.7070220 1.2702312 1.0301365 1.0561248 0.9996369 0.7030868 0.7843094 1.6158872 1.8476776 0.7758824 1.1316709 1.0579705 0.7784500 1.0305401 1.7094287 2.8625154 2.0225486 1.2590768 1.1617571 2.4293933 2.7544409 2.1886127 1.5104009 3.5278407 2.9493088 3.1927384 2.9337695 3.2106951 3.3744051 2.4858742 3.2135847 3.1458987 2.8255744 3.2320133 2.6614195 2.9992836 2.9992836 2.9932714 3.3965077 3.2936935 3.2936935 3.2108115 3.3463774 1.7289067 1.7929636 1.7929636 1.6117375 1.4039686 1.2422192 2.5072313 2.1074624 2.3407517 2.3790471 2.3407517 2.1392542 3.4720816 3.1774645 2.9105930 3.3804129 3.6524668 3.2038929 2.7844513 3.3804129 3.7962272 3.7296934 3.7296934 3.7645089 3.7559258 3.7645089 3.4720816 3.3668244 3.6524668 2.7941253 3.5996153 3.5996153 3.4768194 3.4768194 3.6485784 2.9105930 2.7941253 3.5371494 3.1802200 3.3627938 3.1774645 3.6485784 3.0085461 2.8467056 3.4682409 2.9276231 3.3705267 2.9276231 3.4711214 3.2014571 3.1237331 3.3749452 3.4813337 4.4101391 3.4643729 3.1975883 2.3129936 2.3279819 2.4457777 2.3986971 2.4457777 2.3958955 2.3129936 2.4134622 2.4134645 1.3149578 1.5530885 1.6178006 1.1923928 2.2751218 1.8119962 1.6717254 1.3014278 2.2833672 2.2550067 2.2585542 1.9704814 2.1265827 1.8049876 2.1781436 2.0753978 2.3509305 1.6569213 2.1230491 2.5646925 1.8543123 1.5704791 1.8543123 1.8620855 2.0768027 2.0099202 2.0099202 2.3978131 1.7971167 2.5251787 1.8049876 1.6178006 1.1923928 1.7985949 2.1335649 1.3484852 1.7605368 1.4556976 2.6547467 2.5646925 1.8767035 1.6042500 1.5989028 1.5451479 1.6189543 2.0922164 2.0753978 2.1368330 1.7637004 1.7634644 1.2250288 2.4724170 2.5251787 2.3978131 2.4724170 2.2585542 2.4110432 2.1368330 1.3260343 1.4192683 1.8857083 1.7066769 1.4243689 2.2124613 2.3130397 2.3130397 1.4192683 1.8857083 2.2096095 2.3512930 1.6951203 
WP_000197755.1-bacteria 1.2191065 1.1542225 1.5673114 0.3233836 0.4191489 1.4424901 0.0266846 1.4667263 0.0000000 0.4786261 0.6691126 1.6852329 0.9530099 1.4441174 0.9426273 1.4549165 1.1842235 1.0582030 1.4214184 1.3016907 1.9340362 1.3023860 1.3915576 1.2513881 1.4366253 1.5570470 2.0885189 1.1653540 0.9820000 0.9802519 1.8946003 1.9612511 1.6290779 1.2690314 1.7025989 1.9569280 1.2199248 2.0398175 1.9325320 1.0235359 1.4550826 3.6649351 1.9851061 2.2332483 2.1896600 2.9565101 2.9013362 3.0196028 2.0882135 3.0740920 4.0324659 4.3836251 3.6599526 3.2874140 3.8951934 3.1260246 4.1765721 4.3200394 3.6739065 3.4850813 3.7377843 3.4870494 3.4870494 3.5436523 4.3243979 4.1355756 4.1355756 4.4065900 4.1855890 0.8593698 0.9842628 0.9842628 0.8320617 0.5937018 1.0905426 1.8334784 2.0234867 1.8383013 1.8764462 1.8383013 1.8217050 4.1494495 3.2959314 3.1154592 4.6457427 4.1111181 2.9816469 3.1458925 4.6457427 3.6369758 4.5574682 4.5574682 4.1263908 4.5725770 4.1263908 4.1494495 3.4020350 4.1111181 3.3498669 4.8882890 4.8882890 4.7351415 4.7351415 4.1621057 3.1154592 3.3498669 3.7043397 3.2618767 4.8492461 3.2959314 4.1621057 3.4372227 3.5378789 3.3555840 4.0343072 3.3816371 4.0343072 3.1335394 3.5473295 3.5504224 3.5129544 3.3495841 4.4463058 4.6819428 3.3022607 2.4748057 2.5286391 2.4871515 2.3119228 2.4871515 2.4430229 2.4748057 2.3539819 2.0935773 0.9440284 1.0084069 1.4664918 1.1691591 1.6108041 1.3894640 1.4848180 1.3363829 2.0138009 1.8965235 1.5935085 1.7374752 1.4273104 1.4881218 1.4617268 2.0527929 2.0252994 1.0191404 2.5449605 2.8304520 1.4210631 1.4698779 1.4210631 1.2880542 2.0100936 1.6303489 1.6303489 1.8558511 1.6813661 1.7821606 1.4881218 1.4664918 1.1691591 1.6210475 1.9614506 0.7775079 1.4703625 0.6497711 3.0146867 2.8304520 1.4520488 1.3837373 1.7328133 0.9823534 0.8178737 1.4606223 2.0527929 1.6273162 1.5370685 1.5236299 1.3436523 1.7763328 1.7821606 1.8558511 1.7763328 1.5935085 1.7899972 1.6273162 1.4643480 1.4389486 1.6253722 1.1119825 1.7163448 0.9840578 1.4227073 1.4227073 1.4389486 1.6253722 1.8052395 1.6811721 1.8979061 
WP_003230458.1-bacteria 1.2973911 1.2420688 1.6832146 0.5773803 0.0718972 1.5524183 0.4902530 1.2249400 0.4786261 0.0000000 0.4732822 1.5873389 0.8358305 1.1676776 1.1926828 1.2084935 1.0849346 1.0126274 1.3083903 1.3500264 1.8156474 1.0000242 1.1695834 1.1903667 1.2944518 1.2924590 1.7331898 0.9036692 0.9487948 0.9742028 1.5048070 1.7431918 1.3560218 1.2130152 1.7696043 1.7017975 0.9513666 1.6707104 1.6136128 0.9553489 1.2902938 2.8478757 1.8683515 1.7910483 1.7369977 2.5112363 2.6911727 2.4546027 1.6259140 3.2071346 2.9978309 4.1937297 3.3261300 3.6221431 3.5868360 2.8222029 3.5003685 3.6714496 3.1446430 2.8005081 2.7324429 2.9424589 2.9424589 2.9368833 3.5896731 3.4434346 3.4434346 3.6027844 3.3797951 0.7832199 0.7839836 0.7839836 0.6310748 0.2771106 1.2246084 1.5064462 2.0421690 2.1573138 2.2856327 2.1573138 1.7601906 3.9560719 2.9303781 2.9426203 3.5746704 3.0655488 2.8329695 2.3522595 3.5746704 3.0150801 4.3870011 4.3870011 3.0724349 4.3965695 3.0724349 3.9560719 2.9028533 3.0655488 2.4752639 3.6260089 3.6260089 3.6418148 3.6418148 3.1538480 2.9426203 2.4752639 3.2294676 2.8865723 4.2875436 2.9303781 3.1538480 2.8912512 2.8012114 3.0199130 3.6225380 2.8851325 3.6225380 2.8493855 3.5232938 3.5117606 3.2804017 3.0725490 3.7755745 3.6012115 3.3875940 2.2909619 2.2753782 2.3101246 2.2198038 2.3101246 2.2706389 2.2909619 2.1881682 1.7161350 0.8142387 1.0922002 1.2335154 1.0533829 1.7656202 1.3836092 1.2738904 1.0045680 1.6214412 1.8051369 1.7335996 1.8273033 1.2506208 1.7138701 1.3798852 1.8444203 1.6638928 0.9329056 2.0550330 2.0797092 1.2233093 1.6431321 1.2233093 1.3370908 1.9050102 1.6279721 1.6279721 2.0361889 1.5662800 1.9594674 1.7138701 1.2335154 1.0533829 1.3831945 1.8633989 0.4141395 1.4889750 0.2894987 2.2004325 2.0797092 1.2519356 1.3588571 1.4906830 1.0848165 0.6749988 1.1782952 1.8444203 1.3630213 1.5565770 1.3089936 1.1122052 1.9509211 1.9594674 2.0361889 1.9509211 1.7335996 1.9570938 1.3630213 1.6553478 1.2276837 1.3436912 1.0043372 1.7994038 1.1031554 1.1987413 1.1987413 1.2276837 1.3436912 1.6459164 2.0548613 1.6546802 
WP_011860953.1-bacteria 1.1824941 1.1854188 1.4889198 0.7082093 0.4169530 1.6591420 0.7036377 1.1771471 0.6691126 0.4732822 0.0000000 1.5600987 0.8707048 1.0707137 0.9125386 1.1609162 0.7278246 0.6822532 1.1137973 1.0572657 1.7560780 0.8126936 1.1551892 0.9199201 1.0723885 1.1223442 1.4315986 0.6963208 0.9726087 0.9984841 1.3306382 1.3904071 1.5581034 0.9909766 1.5084014 1.6339848 1.2209006 1.7556886 1.4752226 0.8754646 1.1642072 2.5150138 2.0975709 1.5589245 1.4912549 1.8121427 2.6965186 1.9051520 1.4265833 3.1471477 3.0407821 3.4812543 2.8267858 3.3095896 3.3749462 2.6484890 3.1353802 4.1605907 2.8308368 3.2418121 4.1431556 2.9627556 2.9627556 2.9570595 3.5141609 3.4421402 3.4421402 3.3889860 3.2633188 0.8142359 0.8232002 0.8232002 0.7845885 0.5581279 1.1995932 1.5030482 1.8846909 2.3347145 2.3371714 2.3347145 2.2533179 3.5779006 2.5610904 2.8089908 2.9538848 2.9569066 2.7432043 2.4832919 2.9538848 3.0630453 3.6689530 3.6689530 2.9634139 3.7853021 2.9634139 3.5779006 2.5076720 2.9569066 2.4745701 3.1312752 3.1312752 3.0338721 3.0338721 3.0441797 2.8089908 2.4745701 3.0417169 2.5694202 3.2566594 2.5610904 3.0441797 2.4804022 2.6047347 2.7923835 3.3951382 2.4912055 3.3951382 2.8287163 3.2429489 3.2441355 3.7319342 2.8026864 3.6038260 3.0413927 2.9641612 2.1625558 2.2048870 2.5192516 2.1476129 2.5192516 2.4752729 2.1625558 2.1905492 1.8773610 0.7220506 1.1783582 1.3490414 0.8941054 1.9274519 1.3139575 1.4083851 0.9324253 1.4999323 1.6873769 1.8899546 1.9414721 1.4413773 1.4337682 1.4638391 1.5179095 1.8187087 0.9814719 1.8946267 2.1091126 1.2034851 1.3822216 1.2034851 1.3891222 1.6918398 1.3914040 1.3914040 2.0142010 1.3238280 1.9354635 1.4337682 1.3490414 0.8941054 1.1729367 1.7532627 0.5518149 1.0652736 0.5314236 2.2282487 2.1091126 1.1931060 1.3213260 1.3523525 1.1091556 0.6762904 1.2353501 1.5179095 1.5233677 1.1006295 1.4452080 0.9604719 1.9923958 1.9354635 2.0142010 1.9923958 1.8899546 1.9972746 1.5233677 1.3590167 1.1229649 1.5149312 1.0699107 1.4163130 0.9698488 1.3580872 1.3580872 1.1229649 1.5149312 1.6639503 2.0353371 1.5039670 
WP_025309103.1-bacteria 1.2482078 1.2977457 1.5102547 1.5905026 1.5507554 2.0113392 1.6427667 0.5488599 1.6852329 1.5873389 1.5600987 0.0000000 1.4187274 2.2094092 1.4963204 1.8564604 1.2703512 1.5615573 1.4473750 1.4505012 0.6677784 1.4266995 1.7513249 1.4176608 1.6840106 1.5420052 0.5850878 1.4350765 1.3397412 1.3696638 0.7276366 0.4850928 0.5298180 2.0679304 2.1116281 0.5742185 1.1050950 0.9553394 0.5397604 1.3540287 1.7364192 2.9227729 1.8749195 1.3152869 1.2535265 2.5911096 2.4420711 2.3297560 2.3597639 3.3349450 2.3285515 2.8078491 2.7426757 2.6916895 3.0508610 2.3963807 3.4539076 3.3481127 2.6314668 3.3149394 4.7049661 3.2288950 3.2288950 3.1158213 3.2343943 3.1678683 3.1678683 3.0667907 2.8507132 1.9357950 2.0028915 2.0028915 1.7667524 1.7686668 1.3985563 2.4434927 2.0033240 2.2742632 2.4319071 2.2742632 2.1607306 3.6256952 3.2408147 3.3575794 3.3337961 3.5502266 3.7087583 3.2830086 3.3337961 4.5448004 3.5922779 3.5922779 3.6798061 3.6022939 3.6798061 3.6256952 3.5727906 3.5502266 3.1561357 3.6839282 3.6839282 3.4269198 3.4269198 3.5702566 3.3575794 3.1561357 4.0174836 3.3322913 4.1354978 3.2408147 3.5702566 3.2145223 3.7496202 4.1155960 3.2991564 3.5730606 3.2991564 4.0463692 3.1395433 2.9980916 3.2164520 4.0519157 3.9009321 3.3884833 3.2754224 2.2567002 2.1832903 2.2453744 2.3462109 2.2453744 2.2079611 2.2567002 2.3600036 2.5908471 1.6765547 1.4907814 1.9970432 1.4112642 2.5265244 1.9490370 2.0630512 1.4033083 2.6140947 2.1375772 2.5000340 2.0711396 2.7022616 2.1647078 2.5907825 1.9902567 2.5229973 1.7525733 2.1707188 2.6432471 1.8543760 1.8727744 1.8543760 2.1716245 2.1210258 1.9865320 1.9865320 2.6633648 2.1103278 2.6803911 2.1647078 1.9970432 1.4112642 1.8986817 2.0551039 1.8929733 1.7524459 1.7609722 2.7464323 2.6432471 1.8914326 1.9505729 1.7257492 1.5122182 1.9338922 2.5234281 1.9902567 1.8497106 1.8319470 2.0118974 1.3696629 2.5946531 2.6803911 2.6633648 2.5946531 2.5000340 2.6368498 1.8497106 1.4349347 1.4990265 2.0112809 1.7093557 1.7093380 2.4584564 2.0912094 2.0912094 1.4990265 2.0112809 2.3491225 2.6200599 1.7373344 
NP_629389.1-bacteria    1.3890914 1.3698170 1.4647130 0.9959546 0.8346444 1.7120283 0.9279844 1.3454146 0.9530099 0.8358305 0.8707048 1.4187274 0.0000000 1.2801170 1.3219841 0.6536127 0.4913414 0.3636044 1.1656225 1.1583702 1.6326044 0.7471783 0.6609097 0.4706362 1.4684400 0.5668532 1.5821986 0.7671104 1.1273468 1.1246113 1.6656231 1.5992939 1.2555841 0.9609345 1.4034169 1.5266518 1.2594808 1.5659072 1.4655984 1.1993316 0.7520523 2.8531610 1.7642675 1.8693359 2.0683954 2.2746276 2.9761788 2.4979507 1.5676986 3.4219680 3.4052142 3.7307526 3.1045897 3.7787490 3.4129813 3.3892914 3.7375564 3.4684054 2.6220448 2.8456324 3.1768905 3.8605153 3.8605153 3.9188371 2.9721874 3.2185968 3.2185968 2.9309982 3.2496822 1.3221158 1.5579389 1.5579389 1.3235849 0.9181478 1.2110296 1.7815821 2.0563758 2.6213458 2.7411659 2.6213458 2.6948800 3.8133701 2.4120732 2.4959665 3.0992821 3.1699776 2.5939812 2.2631782 3.0992821 3.0704399 3.5190961 3.5190961 3.1695784 3.5467243 3.1695784 3.8133701 2.3793697 3.1699776 2.4272175 3.3918529 3.3918529 3.1571212 3.1571212 3.0789802 2.4959665 2.4272175 2.8469899 2.3367459 3.4067398 2.4120732 3.0789802 2.5786356 2.6602956 2.5721147 3.6818993 2.3941341 3.6818993 2.5315054 3.0127466 2.8674035 3.6712864 2.5827058 4.3046362 3.1217060 3.1728126 2.9935120 3.0451066 2.9269615 2.7689630 2.9269615 2.8733891 2.9935120 2.7547158 1.6801744 1.2072747 1.2417349 1.6275331 1.3633898 2.1674057 1.2758945 1.5303083 1.3119776 2.3211913 1.7829332 2.1346906 2.1299047 2.2541171 2.2926769 2.1617514 2.2612283 1.6165326 1.1404453 2.4580427 2.7654307 1.8524256 2.2806486 1.8524256 2.0131817 1.8228537 1.8444757 1.8444757 2.3564210 1.8593818 2.2424529 2.2926769 1.6275331 1.3633898 2.0785641 1.7805087 1.1207255 1.5430126 0.9295462 2.8727822 2.7654307 1.8749841 1.7111029 1.4679421 1.1211014 1.0486627 1.3765345 2.2612283 1.8874578 1.4851239 1.6072006 1.4089203 2.2489921 2.2424529 2.3564210 2.2489921 2.1346906 2.2672874 1.8874578 1.7979573 1.5076827 1.6368340 1.1790967 1.8439518 1.8790157 1.1966832 1.1966832 1.5076827 1.6368340 2.4667531 2.4261883 1.5274285 
WP_011244805.1-bacteria 1.9927213 1.8792465 1.7514956 1.2961311 1.1574952 1.7456307 1.4069424 1.5458404 1.4441174 1.1676776 1.0707137 2.2094092 1.2801170 0.0000000 1.7575662 1.3029770 0.9892725 1.0498553 1.4021162 1.3308772 2.0542156 0.9943559 1.5656957 1.1635712 1.4100500 1.5127969 2.4618996 0.9638361 1.4769807 1.5113363 2.4341751 2.1561767 1.5894999 1.1956371 0.8223529 2.2145079 1.8440546 2.0754833 1.9220948 1.6046620 1.4201107 2.4047628 1.8352627 2.0549324 2.1157947 2.3335409 2.9446062 2.1885778 1.7603030 3.3694408 5.1353090 3.8791477 2.5731232 2.6206072 3.4809467 3.3687370 3.2169167 3.5352607 2.5130324 3.0514600 6.1416975 4.1617315 4.1617315 4.1426822 3.9834206 3.7296557 3.7296557 3.8273797 4.0959967 1.3938545 1.5206853 1.5206853 1.5994778 1.2440778 1.4865743 2.0676398 2.2984739 2.8874522 3.0398648 2.8874522 2.6473085 5.1142493 3.0614689 3.2073643 4.0378908 3.9416504 3.0986641 3.0823984 4.0378908 3.1813497 4.3697588 4.3697588 4.0002787 4.2605146 4.0002787 5.1142493 2.9577450 3.9416504 3.1509258 3.9619988 3.9619988 4.1161162 4.1161162 4.1123385 3.2073643 3.1509258 3.2681887 3.1372111 4.3139155 3.0614689 4.1123385 3.3116514 3.2960511 3.0372102 3.7403846 2.9613371 3.7403846 2.9217855 3.9924196 3.8642607 3.8678556 3.0259302 4.6669607 4.1206828 3.9814996 2.8703725 2.9399018 2.9554575 2.9120017 2.9554575 2.9015375 2.8703725 2.8806987 2.3134067 1.3409240 1.5233633 1.4888957 1.7617043 3.0560443 1.6487985 1.5140565 1.5802340 2.1435301 2.0991271 2.9829708 1.9014599 2.0895960 2.1008463 2.0551145 2.8699000 2.2823766 1.6120413 2.1606596 2.4661138 1.5682042 2.4028932 1.5682042 1.9385556 2.0941145 2.5517031 2.5517031 3.3625586 2.3946319 3.2019397 2.1008463 1.4888957 1.7617043 1.8962007 2.1669502 1.1389847 1.9623541 1.2368955 2.5847098 2.4661138 1.5612135 1.7462120 1.8950126 1.5532655 1.3382920 2.1186308 2.8699000 2.4113468 1.9439839 1.4879849 1.5704847 3.3119809 3.2019397 3.3625586 3.3119809 2.9829708 3.2278472 2.4113468 2.3270291 1.8360017 1.6414369 1.7653069 1.8969366 2.1683854 1.8564798 1.8564798 1.8360017 1.6414369 1.9803047 3.5513740 1.8032369 
WP_000051382.1-bacteria 1.2694085 1.2436953 1.4510191 0.9057152 1.1665518 1.4655189 0.9892186 1.2917416 0.9426273 1.1926828 0.9125386 1.4963204 1.3219841 1.7575662 0.0000000 1.8664137 1.3675022 1.4091124 1.6932195 1.5063322 1.9044565 1.4967147 1.8986989 1.5306795 1.6357321 1.5595439 1.4420277 1.4407502 0.5878486 0.6076461 1.5236214 1.4382505 1.7165880 1.4569149 1.6392613 1.8676833 0.2538629 1.8190265 1.8618747 0.5715262 1.7483210 2.7196614 2.2276799 2.1915303 2.0595313 2.4897683 2.3428463 2.5387458 1.8676624 3.2884927 2.7527410 3.3547617 3.3309736 3.4485530 2.9531512 2.5479558 3.9159222 3.4336109 3.0648685 3.2088569 2.9821368 4.0539641 4.0539641 3.9199343 4.8058798 3.9261091 3.9261091 4.9325218 5.2943837 1.4844043 1.6220279 1.6220279 1.2743712 1.0937161 0.6355887 2.2164209 1.8510603 1.9677611 2.0514072 1.9677611 2.3156252 3.9717867 3.2223799 2.9838692 4.3769195 4.4987375 3.2962526 3.1220762 4.3769195 3.2209978 4.1379184 4.1379184 4.4883032 4.1584014 4.4883032 3.9717867 3.1472808 4.4987375 2.9659505 4.7986028 4.7986028 4.4635766 4.4635766 4.4614868 2.9838692 2.9659505 3.0475148 3.0976802 4.8177399 3.2223799 4.4614868 2.9978924 3.1100417 2.8212231 3.8009589 3.1480804 3.8009589 3.0929314 3.4716122 3.5387332 4.0861253 3.1609921 4.6575540 4.4669062 3.0818533 2.2627277 2.3350096 2.3050492 2.2112596 2.3050492 2.1713337 2.2627277 2.2306746 1.7652435 1.2953340 1.1812677 1.9526760 1.1709468 2.1740906 1.5362222 1.9662313 1.4131461 2.0071937 2.5419874 2.1485848 1.6538769 1.6726022 1.9148393 1.6162254 2.1670831 1.8123363 1.1073631 2.6801951 3.0973137 1.5772833 1.5954404 1.5772833 1.5959647 2.5514025 1.6502927 1.6502927 2.3930330 1.7144372 2.3798400 1.9148393 1.9526760 1.1709468 1.4140190 2.6413841 1.2884019 1.3304464 1.2052344 3.2458503 3.0973137 1.6058530 1.4603689 1.6582319 1.0839541 1.2499359 1.7367602 2.1670831 1.8993467 1.4398337 2.1386757 1.2771376 2.3587215 2.3798400 2.3930330 2.3587215 2.1485848 2.4107535 1.8993467 1.7777437 1.4100683 2.2959912 1.0444945 1.9629077 1.4356061 1.6914744 1.6914744 1.4100683 2.2959912 1.7057640 2.2164295 1.9748364 
NP_630601.1-bacteria    1.9440192 1.7183715 2.0385661 1.4262837 1.1967141 2.1237825 1.4238880 1.7988211 1.4549165 1.2084935 1.1609162 1.8564604 0.6536127 1.3029770 1.8664137 0.0000000 0.7980488 0.7615585 1.0938624 1.2154087 1.6961621 0.8329703 0.2547867 0.7794986 1.3456125 0.8363638 1.9093279 0.8323313 1.4609906 1.4951406 2.1225706 1.9620756 1.6480602 1.0623127 1.3567190 1.6664066 2.1317043 1.8760766 1.3745549 1.6516269 0.1657269 2.8940788 2.3346625 1.7378703 2.2684722 2.8300679 3.2564554 2.6038064 1.5709308 3.2119411 4.5181724 4.2043018 3.5357474 3.7456193 3.9870893 4.0088782 5.1213700 4.2308223 3.4846152 2.6775074 3.9444395 3.6182917 3.6182917 3.6068030 3.1869843 3.5091048 3.5091048 3.1412986 3.7951062 1.6565093 2.0229931 2.0229931 1.7595614 1.1813540 1.4418222 2.1236118 2.7880128 3.2793579 3.2374166 3.2793579 3.3989740 4.9154073 2.9004272 2.6536519 3.3799031 2.9118433 2.7026563 2.0811870 3.3799031 2.9736809 3.9600466 3.9600466 2.9105252 3.9947673 2.9105252 4.9154073 2.6204501 2.9118433 2.0823575 3.0180277 3.0180277 3.4407956 3.4407956 2.8292945 2.6536519 2.0823575 3.5044447 2.7870972 4.1943470 2.9004272 2.8292945 2.7661129 2.8688732 2.8236974 3.9155395 2.5494047 3.9155395 2.9873568 3.2442463 3.1268983 3.7687504 3.4209829 4.1728456 3.4471359 4.1205406 3.5375780 3.5850729 3.3281917 3.3113512 3.3281917 3.2654086 3.5375780 3.3308307 2.2008710 1.5947135 1.9106694 1.6311451 1.7363966 2.7783224 1.6472518 1.5777691 1.8559014 3.2764943 2.3047346 2.7161224 2.0966116 2.1927255 2.5378398 2.3180906 2.2693436 2.1144348 1.4989656 2.3991464 2.8905779 1.9858946 2.4669897 1.9858946 2.7183835 2.3308154 2.2516219 2.2516219 3.0025578 2.6938529 3.0034889 2.5378398 1.6311451 1.7363966 3.0416909 2.4086325 1.5967938 1.6037523 1.4751259 3.0249237 2.8905779 1.9661506 1.9873223 1.5277203 1.9081131 1.3660126 1.7038620 2.2693436 2.1619771 1.5015252 1.5391543 1.7217961 3.0765710 3.0034889 3.0025578 3.0765710 2.7161224 3.0019670 2.1619771 2.4389582 2.0180563 1.3970831 1.6656841 2.4196922 2.0711794 1.3304820 1.3304820 2.0180563 1.3970831 2.3549642 3.2289841 1.7644839 
NP_627288.1-bacteria    1.4826990 1.3990422 1.5615072 1.1041208 1.0604370 1.8257768 1.1560874 1.3200600 1.1842235 1.0849346 0.7278246 1.2703512 0.4913414 0.9892725 1.3675022 0.7980488 0.0000000 0.2372608 1.0709543 1.0355537 1.3059381 0.3563362 0.8575882 0.3666191 1.1934034 0.7885849 1.4247594 0.3613580 1.1346151 1.1630368 1.5644506 1.5443302 1.3308491 0.9258429 1.2867199 1.5221483 1.2894199 1.6400413 1.3398218 1.2421352 0.7909998 2.4073955 2.0976998 2.0163782 1.9316586 1.9950376 2.7794585 1.8476698 1.5511639 3.3045950 4.6117357 3.7219746 3.0925224 3.5338590 3.7007954 3.8514140 4.1312483 4.3804302 3.2509794 3.4810631 3.6156887 3.8282912 3.8282912 3.8144740 3.0248595 3.2371300 3.2371300 2.8629625 3.0573969 1.2446637 1.4645525 1.4645525 1.2977909 1.0402034 1.1814594 1.8403698 2.1787973 2.9688203 2.9334806 2.9688203 3.1095778 4.0331051 3.3198490 3.3281982 3.0675568 3.7542286 3.2735594 2.7213732 3.0675568 3.4084940 4.2422852 4.2422852 3.7569679 4.2551244 3.7569679 4.0331051 3.0355416 3.7542286 2.9245089 3.4168691 3.4168691 3.1514216 3.1514216 3.6454901 3.3281982 2.9245089 3.4752190 2.6474366 4.3073734 3.3198490 3.6454901 2.7852179 3.3331692 2.9611142 4.4248134 3.0364253 4.4248134 3.2742545 2.8772911 2.8514071 4.2078238 3.1503135 4.2723171 3.1587004 3.9844275 2.8944146 2.9638913 2.9264081 2.7277331 2.9264081 2.8728908 2.8944146 2.6978406 2.0626836 1.2089773 1.4130884 1.8161150 1.4066659 2.3190839 1.4218299 1.7901756 1.3875577 2.2692616 2.0125318 2.2654729 2.1386497 1.9381146 2.0456341 1.8453185 2.4113804 1.9817457 1.1756677 2.1807884 2.6910976 1.5919357 2.1960656 1.5919357 2.0812239 1.9519337 1.9980533 1.9980533 2.7908416 1.7907310 2.8294255 2.0456341 1.8161150 1.4066659 2.0412884 2.0228291 1.1346958 1.5693740 1.0474237 2.8228000 2.6910976 1.5796917 1.5966912 1.7918057 1.3808082 1.0105663 1.6707423 2.4113804 1.7812499 1.5380874 1.8237535 1.4002024 2.7079563 2.8294255 2.7908416 2.7079563 2.2654729 2.7529197 1.7812499 1.8603240 1.7023580 1.7873334 1.1879195 1.5828099 1.6257140 1.5047104 1.5047104 1.7023580 1.7873334 1.9986689 2.6279824 1.5992350 
NP_628216.1-bacteria    1.6125601 1.5463167 1.6687265 1.1229206 0.9384773 1.8698714 1.1092415 1.4196336 1.0582030 1.0126274 0.6822532 1.5615573 0.3636044 1.0498553 1.4091124 0.7615585 0.2372608 0.0000000 1.1462858 1.1413053 1.6699621 0.4189437 0.8033753 0.2641456 1.1609398 0.7363508 1.3186642 0.4079495 1.2166318 1.2138253 1.6608280 1.5524241 1.3811970 0.9583760 1.2712395 1.6715930 1.2998734 1.9230855 1.5226340 1.2763937 0.8081087 2.6797048 1.9942314 1.8259248 1.9228192 2.0697853 3.0624759 2.0860488 1.5362851 3.3631505 3.5922240 4.2677663 3.0189619 4.1831202 3.8719399 3.6595154 3.7355238 3.8994298 3.5009803 3.2269530 4.2353173 3.6695460 3.6695460 3.7282143 3.3786523 3.2555079 3.2555079 3.2621232 3.1597255 1.1935992 1.4190104 1.4190104 1.2889827 1.0370522 1.3147773 1.7396690 2.2082475 2.9823572 2.9464290 2.9823572 3.2133886 4.2298898 3.0742587 3.0846434 3.4802826 3.8810880 3.0620708 2.6911364 3.4802826 3.4666729 3.6351262 3.6351262 3.8845923 3.6439506 3.8845923 4.2298898 2.7573340 3.8810880 2.8846197 3.7616495 3.7616495 3.5749647 3.5749647 3.7719986 3.0846434 2.8846197 3.3277528 2.7097049 4.0491274 3.0742587 3.7719986 2.8575626 3.2594878 2.9632181 4.3365344 2.7608557 4.3365344 3.0718460 2.8952825 2.6706204 4.1357629 3.0130726 4.4076485 3.5810092 3.4426837 2.9846531 3.0556919 3.0262575 2.8815652 3.0262575 2.9704535 2.9846531 2.8508596 2.1942192 1.2394595 1.3494374 1.9035573 1.3323530 2.3211822 1.3570850 1.8443681 1.4318799 2.0583572 1.8522631 2.2668198 2.1551026 2.1833144 2.0919489 2.0780678 2.2405542 2.1083096 1.0139437 2.3740795 2.8729831 1.6337097 2.2413542 1.6337097 1.9105161 1.8348975 1.8965742 1.8965742 2.8598346 1.8350514 2.7758461 2.0919489 1.9035573 1.3323530 1.9823361 1.9037999 1.1941663 1.5383996 1.0062823 3.0163433 2.8729831 1.6504705 1.6121197 1.7456641 1.3288136 0.9650382 1.5378781 2.2405542 1.8234046 1.4911317 1.8944557 1.4223699 2.7732129 2.7758461 2.8598346 2.7732129 2.2668198 2.8200296 1.8234046 1.8491351 1.6742119 1.9085574 1.0236352 1.7463324 1.7103318 1.5490017 1.5490017 1.6742119 1.9085574 2.1580243 2.6248879 1.8051011 
WP_003246715.1-bacteria 1.5482771 1.7156227 2.1468559 1.2499208 1.3693100 1.6018902 1.4768591 1.2890894 1.4214184 1.3083903 1.1137973 1.4473750 1.1656225 1.4021162 1.6932195 1.0938624 1.0709543 1.1462858 0.0000000 0.3354691 1.3697378 1.0408575 1.1978255 1.2153334 0.5935287 1.2285715 1.5706807 0.9990627 1.2147959 1.2438417 1.7692307 1.7240514 1.4057026 1.1271250 1.5025630 1.4772107 1.8083294 1.9801864 1.3291191 1.3757773 1.0968090 2.1487399 2.8927814 2.0497558 1.8417336 2.0034533 2.4149971 1.9216508 1.7492229 3.7993541 3.8428247 3.0471485 3.3354173 3.6348364 3.7807203 2.9990595 4.2255688 3.8159941 3.8768833 3.2835125 4.8322250 3.6583697 3.6583697 3.6464317 2.9270625 3.2539552 3.2539552 2.9307109 3.0884970 1.8005114 1.9154630 1.9154630 1.8598363 1.1282616 1.3846295 2.2533900 2.3951610 3.1913048 3.2951642 3.1913048 2.9493258 4.8875347 2.8897144 2.7957635 3.1786280 3.5799419 3.0333010 2.5795516 3.1786280 3.4649677 4.8422368 4.8422368 3.5815705 4.9120053 3.5815705 4.8875347 3.2695035 3.5799419 2.5707390 3.4842286 3.4842286 3.2642546 3.2642546 3.4777275 2.7957635 2.5707390 3.5582320 2.9603253 3.8308514 2.8897144 3.4777275 2.9259072 2.9076284 3.1873291 3.4827562 3.1802412 3.4827562 3.1622986 3.7697204 3.8255073 4.1293588 3.6874625 3.3751584 3.2711259 3.8500565 1.9703775 2.0075248 1.9479002 1.8699859 1.9479002 1.9163274 1.9703775 1.8675923 2.6604766 1.0745872 1.4498950 1.7010168 1.4946166 2.2802675 2.0445705 1.8205786 1.5535284 2.6470931 1.8942152 2.3631305 2.4295672 2.4939924 1.9066423 2.6151277 2.3421597 2.5464137 1.2324984 2.0977473 2.5200306 1.7335164 1.8605884 1.7335164 2.4638476 1.9250458 1.9095426 1.9095426 2.5554073 2.0395070 2.5048981 1.9066423 1.7010168 1.4946166 2.5914079 1.9615078 1.4161920 1.1560624 1.2419645 2.4918066 2.5200306 1.7618437 1.5190089 1.5058930 1.4138448 1.2616063 1.8376037 2.3421597 1.8067370 1.1054330 1.8318217 1.5074177 2.5276461 2.5048981 2.5554073 2.5276461 2.3631305 2.4411486 1.8067370 1.8603233 1.8840897 1.9601992 1.3239271 1.8852041 1.6496535 1.8148252 1.8148252 1.8840897 1.9601992 2.2738603 2.4036569 1.7793882 
